Nodes: 250
Edges: 1273
Expected: 1046351
Indexing: 0

244 246 11712
239 240 10616
238 245 6142
235 238 7048
233 240 7634
232 248 10223
231 248 10699
229 249 10098
228 241 1473
226 231 7638
223 242 10184
223 249 10898
222 225 9842
220 247 10309
219 221 6535
218 224 5993
218 227 9192
217 232 9613
216 232 8738
214 219 4104
214 221 10444
213 235 9305
213 238 10707
212 214 9024
212 219 8099
212 221 8320
212 244 4321
211 222 6192
211 225 10649
210 212 5813
210 214 7099
210 219 3728
210 221 3659
210 244 10062
209 211 1269
209 222 7357
209 225 11652
208 226 4662
208 231 8821
207 210 3158
207 212 5667
207 214 10119
207 219 6878
207 221 2902
207 244 9218
206 209 11467
205 207 10606
205 210 7932
205 214 7345
205 219 5157
205 221 8879
204 222 9626
204 225 5003
204 231 11432
203 249 4148
202 204 4207
202 209 10956
202 211 9692
202 222 5440
202 225 6056
201 216 11363
201 217 11118
201 232 3557
201 248 6668
200 203 5651
200 223 9984
200 249 6335
199 237 6767
198 223 9036
198 242 3037
197 230 9937
196 205 5718
196 214 8233
196 219 8903
195 238 11390
195 245 9286
194 220 11551
193 243 9306
192 243 7897
191 202 6216
191 204 7061
191 222 9234
191 225 11446
191 231 11935
190 220 4330
190 247 6680
189 200 11303
189 203 5779
189 220 9403
189 249 8557
188 230 5191
188 233 8575
188 240 9560
187 208 6557
187 226 3660
187 231 4215
187 248 11716
186 189 5775
186 203 10305
186 249 11195
185 201 6956
185 232 10259
185 248 2896
184 188 7566
184 197 5351
184 230 4691
183 215 3017
182 198 7870
182 223 8452
182 242 10811
181 184 8764
181 188 10778
181 196 11674
181 230 5963
180 213 3355
179 193 10256
179 212 9146
179 244 7050
178 236 2867
177 186 3537
177 189 3512
177 203 6820
177 249 7806
176 191 2089
176 202 4299
176 204 6123
176 222 7243
176 225 9939
175 246 3569
174 179 9292
174 192 7813
174 243 7415
172 180 8119
172 197 9121
172 213 5932
172 235 7388
171 172 6889
171 180 10106
171 213 6758
171 235 3106
171 238 5664
171 245 11526
170 182 6422
170 198 10237
170 223 3653
170 229 10924
170 249 11264
169 177 8571
169 186 5624
169 189 8899
169 190 9320
169 220 10104
168 187 4080
168 204 11515
168 208 8885
168 226 7555
168 231 268
168 248 10481
167 224 7521
166 236 9479
165 171 11685
165 172 9828
165 180 1756
165 191 10673
165 213 5003
164 190 7043
164 194 7229
164 220 5001
164 247 9969
163 202 9825
163 209 2235
163 211 1708
163 222 5489
163 225 11682
162 192 9472
161 169 10571
161 177 7299
161 186 6124
161 189 10748
161 229 10509
161 249 11843
160 168 6839
160 176 6571
160 187 10794
160 191 5410
160 202 8639
160 204 6352
160 225 11314
160 231 6647
159 234 5490
159 239 10493
158 170 5722
158 200 7196
158 203 9121
158 223 5291
158 229 9925
158 249 5734
157 181 5473
157 184 4716
157 188 10501
157 197 7152
157 230 5597
156 196 8377
156 205 5088
156 207 7567
156 210 4409
156 212 8418
156 214 3435
156 219 745
156 221 7280
155 165 5001
155 171 7487
155 172 4996
155 180 3246
155 197 11679
155 213 1559
155 235 9681
155 238 11940
154 171 8024
154 195 11016
154 235 9296
154 238 2365
154 245 4011
153 228 5583
153 241 4247
152 179 10233
152 207 8799
152 210 10636
152 212 5852
152 221 11655
152 244 3365
152 246 9510
151 168 9264
151 187 6861
151 208 391
151 226 4792
151 231 9202
150 164 9115
150 169 6638
150 177 8428
150 186 8087
150 189 6046
150 190 6182
150 203 11351
150 220 4158
149 163 7447
149 206 10265
149 209 5363
149 211 5830
149 222 11405
149 225 10995
148 157 1712
148 181 5620
148 184 3398
148 188 8809
148 197 7085
148 230 4043
147 162 9416
147 166 11877
146 218 6252
146 224 11387
146 227 4560
145 146 10595
144 168 9650
144 185 3018
144 187 11380
144 201 8140
144 204 11540
144 231 9846
144 232 11686
144 248 1527
143 152 7831
143 175 10421
143 179 8905
143 193 6865
143 212 11875
143 244 7554
143 246 7590
142 154 11701
142 155 4818
142 165 4797
142 171 8119
142 172 9299
142 180 4124
142 195 8901
142 213 3433
142 235 11123
142 238 10237
140 147 4712
140 162 10969
139 156 6665
139 196 4593
139 205 1814
139 210 9743
139 214 8428
139 219 6833
139 221 10596
138 151 11903
138 188 10136
138 226 11064
138 233 9598
138 239 11352
138 240 2076
137 145 11708
137 146 3524
137 183 11008
137 215 11222
137 218 4325
137 224 10278
137 227 7930
136 159 2310
136 234 3185
135 141 6693
135 181 7362
135 230 11174
134 137 10296
134 145 10314
134 146 6821
134 227 3986
133 166 6778
132 154 8146
132 171 7460
132 235 5508
132 238 6935
131 143 5854
131 179 9728
131 193 1012
131 243 10112
130 194 5825
130 234 11697
129 133 7141
129 147 8531
129 166 3392
129 178 11909
129 236 9707
128 136 11358
128 159 9153
128 173 11948
128 239 1726
126 183 8912
126 215 5899
125 148 4208
125 157 2917
125 172 11220
125 181 8041
125 184 5816
125 197 5633
125 230 8248
124 142 6118
124 155 1487
124 165 5177
124 171 8584
124 172 4713
124 180 3552
124 197 10321
124 213 3033
124 235 10482
123 175 7983
123 246 10306
122 139 1217
122 156 5505
122 196 5144
122 205 647
122 207 11241
122 210 8536
122 214 7516
122 219 5638
122 221 9525
121 158 8749
121 170 3464
121 182 3939
121 198 7031
121 223 4530
121 242 9371
120 145 9428
120 161 9789
120 229 8292
119 120 10342
119 134 4953
119 137 9676
119 145 5361
119 146 7143
119 227 7465
118 124 6300
118 142 11650
118 151 10687
118 155 7746
118 165 8159
118 172 8663
118 180 7699
118 184 11388
118 197 6902
118 208 10634
118 213 9204
117 140 10873
117 147 11794
117 167 9427
117 178 6290
117 236 8473
116 164 4060
116 190 7925
116 194 8583
116 220 8021
116 247 7638
115 153 5126
115 228 8124
115 241 6730
114 163 5526
114 176 8339
114 191 10158
114 202 7319
114 204 11526
114 209 7685
114 211 6713
114 222 2060
114 225 11896
113 121 5379
113 158 9842
113 170 7229
113 182 8536
113 198 5009
113 223 4665
113 242 5551
112 128 9960
112 136 5632
112 159 4347
112 234 8047
112 239 10722
110 122 5351
110 139 6016
110 156 3963
110 196 5323
110 205 5391
110 207 11522
110 210 8364
110 212 11550
110 214 2920
110 219 4680
110 221 11114
109 126 9332
109 137 5083
109 146 8420
109 183 6517
109 215 6179
109 218 7179
108 110 6803
108 122 8214
108 135 11644
108 139 7724
108 156 10525
108 181 10766
108 196 3132
108 205 8755
108 214 9401
108 219 11157
107 130 11436
107 173 8976
107 200 8254
107 203 11594
106 123 11362
106 131 2227
106 143 6821
106 179 11930
106 193 2119
106 243 10940
106 246 11883
105 106 1034
105 123 10392
105 131 3234
105 143 7217
105 193 3141
105 243 11674
105 246 11604
104 144 8161
104 185 7936
104 201 2597
104 217 9568
104 232 4888
104 248 6640
103 174 3708
103 192 4287
103 243 5731
102 138 9831
102 187 9374
102 226 7775
102 240 11740
101 108 5491
101 110 7783
101 122 5090
101 125 10521
101 139 3983
101 156 9930
101 157 10869
101 181 10336
101 196 3115
101 205 5734
101 214 10662
101 219 10279
100 103 6580
100 133 8099
100 174 6827
100 192 7056
99 129 10765
99 140 5150
99 147 3171
99 162 6455
98 117 11425
98 178 5183
98 236 4433
97 144 7138
97 160 8756
97 168 10904
97 176 10973
97 185 7779
97 191 11562
97 202 8870
97 204 4951
97 225 5664
97 231 10938
97 248 8598
96 199 1569
96 237 6553
95 115 9423
95 153 11710
95 216 11785
94 141 8070
94 198 9053
94 242 9095
93 97 7550
93 144 8371
93 160 4360
93 168 3641
93 176 10570
93 185 11051
93 187 7640
93 191 9704
93 202 11502
93 204 7908
93 226 11188
93 231 3594
93 248 9608
92 122 11702
92 132 7972
92 139 11349
92 171 8961
92 172 9296
92 205 11628
92 235 6040
91 109 6129
91 119 9388
91 134 9544
91 137 1061
91 145 11905
91 146 2723
91 218 4088
91 224 9863
91 227 6960
90 113 11828
90 173 6973
90 233 10517
90 242 10115
89 116 6089
89 127 10682
89 130 10584
89 164 7494
89 194 5110
88 98 8567
88 182 9779
87 111 11190
87 130 3684
87 136 10342
87 194 8273
87 234 8302
86 108 11578
86 135 10345
86 141 5640
85 152 10662
85 175 11147
85 246 9698
84 100 9532
84 103 5747
84 106 11963
84 131 10014
84 174 2770
84 179 6994
84 192 10034
84 193 9844
84 243 7221
83 95 11982
83 104 8511
83 201 9238
83 217 3695
83 232 6812
82 85 4344
82 152 6590
82 175 11914
82 207 10290
82 212 10888
82 244 9913
82 246 9265
81 119 8225
81 134 4508
81 146 11254
81 227 7588
81 229 10166
80 97 8938
80 149 9615
80 202 11386
80 204 10423
80 225 5577
79 84 9700
79 110 11633
79 174 10110
79 179 7431
79 212 11328
79 214 9294
78 112 10817
78 128 3633
78 138 9955
78 159 11389
78 239 2065
78 240 9536
77 78 10966
77 102 2737
77 138 7171
77 151 11765
77 187 10655
77 208 11848
77 226 8175
77 240 9031
76 95 7370
76 115 3658
76 153 4395
76 228 9469
76 241 8004
75 89 3394
75 116 2706
75 164 4846
75 190 10387
75 194 6452
75 220 9669
75 247 10191
74 109 10730
74 126 7749
74 183 5190
74 215 4643
73 120 10775
73 145 9149
72 107 11731
72 150 8210
72 177 6434
72 186 9359
72 189 3706
72 200 8158
72 203 3470
72 220 10329
72 249 7452
71 135 10448
71 148 9121
71 157 10574
71 181 8837
71 184 9326
71 188 3894
71 230 5108
71 233 7728
71 240 11683
70 79 1576
70 84 8129
70 100 11309
70 174 8574
70 179 6528
70 212 11795
70 214 10735
70 244 11957
69 107 5640
69 128 11896
69 173 5282
68 114 6736
68 160 10388
68 165 10769
68 176 4396
68 191 4982
68 202 7329
68 204 10336
68 222 6811
67 83 7338
67 112 11331
67 217 4501
66 149 7561
66 206 5154
66 209 11107
65 71 6843
65 125 10535
65 138 11370
65 148 7162
65 151 10304
65 157 8838
65 181 10922
65 184 4790
65 188 3552
65 197 9301
65 208 10677
65 230 5007
65 240 11415
64 91 4394
64 109 6144
64 119 6813
64 134 9237
64 137 3977
64 145 7791
64 146 4384
64 183 9898
64 215 11174
64 218 8298
64 227 8490
63 96 2231
63 199 1821
63 237 4962
62 71 10901
62 78 11140
62 90 8635
62 128 11744
62 138 9478
62 188 11357
62 233 3192
62 239 10804
62 240 7405
61 87 5163
61 89 9050
61 111 6739
61 130 6867
61 194 7466
61 234 10977
60 63 6637
60 96 5690
60 111 8712
60 199 4868
60 237 11595
59 80 6845
59 97 6442
59 144 8084
59 185 6135
59 204 10796
59 225 8326
59 248 8763
58 68 4795
58 114 1947
58 163 7425
58 176 6845
58 191 8507
58 202 6778
58 204 10891
58 209 9540
58 211 8501
58 222 2759
57 65 6750
57 118 8024
57 125 6349
57 148 6092
57 151 10773
57 157 6773
57 172 11673
57 181 11710
57 184 3368
57 188 10123
57 197 2583
57 208 11002
57 230 8049
56 73 5918
56 119 11916
56 120 5027
56 145 8552
56 161 11851
55 67 8505
55 78 8955
55 112 4590
55 128 9745
55 136 10111
55 159 8414
55 217 11852
55 239 9744
54 99 8037
54 117 8936
54 140 2922
54 147 7003
53 56 5542
53 73 10372
53 81 11179
53 119 7620
53 120 2782
53 134 10851
53 145 6902
53 229 9315
52 77 10533
52 93 9973
52 102 10130
52 151 3422
52 168 6388
52 187 3447
52 208 3135
52 226 2384
52 231 6392
51 70 7990
51 79 6984
51 86 10847
51 110 11491
51 133 11676
51 214 10713
50 59 4226
50 80 10173
50 97 10154
50 104 11784
50 144 8851
50 185 5942
50 201 9673
50 232 11667
50 248 8802
49 59 8296
49 80 8196
49 93 8739
49 97 3121
49 144 10234
49 160 8334
49 176 8610
49 185 10833
49 191 9628
49 202 5875
49 204 2568
49 222 10927
49 225 3314
49 248 11708
48 50 9958
48 83 8782
48 104 6005
48 144 11407
48 185 9500
48 201 3841
48 216 7531
48 217 11710
48 232 2109
48 248 10057
47 64 10444
47 91 6658
47 109 7505
47 137 6569
47 146 9071
47 167 11422
47 218 2914
47 224 5238
46 161 7892
46 169 6854
46 177 11118
46 186 7689
45 48 11127
45 67 6225
45 76 11037
45 83 2906
45 95 10135
45 104 11417
45 217 4535
45 232 9323
44 49 2107
44 59 9573
44 68 11930
44 80 10281
44 93 6793
44 97 3365
44 144 9765
44 160 6268
44 168 10433
44 176 7613
44 185 10945
44 191 8240
44 202 5971
44 204 1774
44 222 11370
44 225 5336
44 231 10384
44 248 11288
43 82 8576
43 152 8933
43 156 10122
43 207 2708
43 210 5763
43 212 7554
43 219 9405
43 221 3765
43 244 10274
42 86 9639
42 101 9688
42 108 6664
42 135 5008
42 141 8880
42 157 11467
42 181 6506
42 196 9113
41 81 11854
41 88 6374
41 121 7816
41 170 9973
41 182 3878
41 198 10323
40 75 7166
40 89 10329
40 116 5100
40 150 7051
40 164 3395
40 190 3649
40 194 10624
40 220 3150
40 247 7741
39 66 5590
39 80 10277
39 149 5382
39 206 10412
39 209 10654
39 211 11209
38 74 6907
38 109 9245
38 126 845
38 183 8279
38 215 5290
37 76 2674
37 95 9352
37 115 1398
37 153 3846
37 228 7596
37 241 6139
36 41 5329
36 88 1841
36 98 8515
36 182 9055
35 36 8804
35 41 10606
35 88 7142
35 94 6254
35 141 11388
35 198 10645
34 53 8565
34 56 4399
34 73 1812
34 120 9075
34 145 7784
33 58 9102
33 114 8593
33 163 10678
33 222 10644
32 52 7988
32 77 11466
32 93 7410
32 102 9251
32 104 10076
32 144 7333
32 151 11408
32 160 11627
32 168 5434
32 185 10165
32 187 4594
32 201 11801
32 208 11121
32 226 7421
32 231 5700
32 248 7367
31 37 9487
31 115 8730
31 153 10769
31 228 7913
31 241 7871
30 43 10126
30 70 10835
30 79 10818
30 82 10926
30 143 8740
30 152 4565
30 156 11364
30 179 6570
30 207 8708
30 210 9124
30 212 3314
30 214 11280
30 219 11146
30 221 11496
30 244 1475
29 47 2921
29 64 10752
29 91 6429
29 109 9440
29 137 6803
29 146 8191
29 167 10821
29 218 2524
29 224 3477
29 227 10208
28 35 10487
28 41 10902
28 94 8477
28 113 5483
28 121 7801
28 170 10987
28 182 8584
28 198 775
28 223 9677
28 242 2503
27 62 7419
27 65 7207
27 71 5107
27 138 7814
27 184 11544
27 188 3989
27 230 8817
27 233 4883
27 240 6581
26 55 9933
26 77 3854
26 78 9413
26 102 4190
26 138 9654
26 217 11910
26 226 11644
26 239 11461
26 240 11097
25 60 3405
25 63 9366
25 96 8879
25 111 5309
25 199 7779
24 39 7951
24 66 8457
24 80 11814
24 114 10397
24 149 2915
24 163 5034
24 206 9602
24 209 2802
24 211 3696
24 222 9835
24 225 11996
23 33 6032
23 58 7072
23 68 7437
23 114 7960
23 176 11709
23 195 8090
23 222 9692
22 34 3658
22 53 7033
22 56 1508
22 73 4871
22 120 6464
22 145 9324
21 27 1873
21 62 7424
21 65 7811
21 71 3782
21 138 9594
21 184 11666
21 188 4280
21 230 8276
21 233 4409
21 240 8207
20 40 7068
20 75 2897
20 89 5690
20 116 2095
20 127 11837
20 164 6088
20 190 9529
20 194 9349
20 220 10072
20 247 7725
19 70 6872
19 79 8364
19 84 3540
19 100 6397
19 103 5319
19 174 1925
19 179 8733
19 192 9085
19 243 9323
18 35 11609
18 51 11645
18 86 2813
18 94 11772
18 141 6466
17 41 10519
17 81 5763
17 121 9728
17 134 10171
17 158 10542
17 170 7756
17 182 9423
17 223 11337
17 229 6676
16 54 7406
16 98 11623
16 99 10210
16 117 5134
16 129 9325
16 140 7952
16 147 7171
16 166 11475
16 178 6981
16 236 7388
15 24 4507
15 39 9051
15 49 10519
15 58 10462
15 66 11797
15 80 8217
15 114 9104
15 149 4256
15 163 5589
15 202 8786
15 204 11074
15 209 4580
15 211 4000
15 222 7726
15 225 7498
14 18 7335
14 51 9603
14 86 9145
14 129 10737
14 133 6649
14 166 8096
13 19 8927
13 100 2560
13 103 8741
13 129 10843
13 133 6257
13 162 11602
13 174 9377
13 192 8128
12 28 6032
12 35 6079
12 36 8058
12 41 6364
12 88 7461
12 94 8239
12 113 9906
12 121 8542
12 170 11918
12 182 6361
12 198 5807
12 242 8457
11 30 8689
11 43 10208
11 82 3687
11 85 6928
11 143 8708
11 152 4140
11 175 9935
11 207 11101
11 212 9716
11 244 7397
11 246 6678
10 105 11028
10 106 11976
10 123 886
10 175 7429
10 246 9977
9 23 3526
9 33 8216
9 58 10398
9 68 9604
9 114 11445
9 142 10955
9 195 4585
8 11 4709
8 30 3985
8 43 9334
8 82 7286
8 85 11331
8 143 7437
8 152 702
8 179 9533
8 207 9011
8 210 10661
8 212 5604
8 221 11895
8 244 2711
8 246 9709
7 42 11616
7 57 6795
7 65 9235
7 71 11091
7 101 10577
7 125 2442
7 148 2175
7 157 516
7 181 5778
7 184 4976
7 188 10982
7 197 6984
7 230 6107
6 16 4529
6 54 11235
6 98 9893
6 99 11022
6 117 8821
6 129 5363
6 140 10829
6 147 7924
6 166 6998
6 178 7007
6 236 5556
5 26 3351
5 32 11054
5 55 11131
5 67 10880
5 77 5505
5 102 3834
5 104 11574
5 217 9458
5 226 11433
4 5 11184
4 26 8347
4 55 6425
4 77 10733
4 78 2559
4 112 8751
4 128 4751
4 138 11375
4 159 10114
4 239 3883
4 240 11344
3 37 8512
3 45 11902
3 67 9725
3 76 8069
3 115 9861
3 153 4799
3 228 7635
3 241 7024
2 14 8765
2 18 7425
2 42 11456
2 51 5083
2 79 11759
2 86 5980
2 108 9627
2 110 11746
2 141 11373
1 72 6506
1 107 7484
1 130 10203
1 150 10908
1 164 11039
1 189 9582
1 194 11069
1 200 9550
1 203 8567
1 220 10428
0 15 5719
0 24 10191
0 44 6471
0 49 4849
0 58 9955
0 59 10657
0 68 11816
0 80 6821
0 97 7705
0 114 9610
0 149 9659
0 160 11714
0 163 9368
0 176 8927
0 191 10711
0 202 4678
0 204 5476
0 209 9511
0 211 8438
0 222 7573
0 225 2383