nodes: 1000
bits: 24
expected: 989

1 1 1 0 0 0 0 0 1 1 0 1 0 0 1 1 1 1 0 0 1 1 1 1 
0 1 1 0 0 1 1 0 0 1 0 1 1 1 1 1 1 0 1 0 1 1 0 1 
0 1 1 1 0 0 0 0 0 0 0 1 0 0 1 0 1 1 1 0 0 1 0 1 
1 1 1 0 1 0 1 1 1 0 1 1 1 1 1 0 1 0 0 1 1 0 0 0 
0 1 0 0 1 1 1 0 1 0 1 1 0 0 1 1 1 1 1 0 0 1 0 0 
0 1 0 0 1 0 1 0 0 0 0 1 0 0 1 1 1 0 1 1 0 1 0 1 
0 0 0 1 1 0 0 0 1 1 0 1 1 0 1 0 1 0 1 0 0 0 0 0 
0 0 0 0 1 0 0 0 0 1 1 1 1 1 0 1 1 1 0 1 1 0 0 0 
1 1 1 0 0 1 1 0 0 1 0 0 0 1 1 1 1 1 1 1 1 0 0 1 
0 1 1 1 1 0 1 0 1 1 0 1 0 1 0 0 0 0 1 1 1 1 1 1 
0 1 1 0 1 0 0 0 1 1 0 0 0 1 1 1 1 1 1 0 1 1 1 0 
1 1 0 0 1 1 1 1 0 0 0 1 0 0 0 0 0 0 0 1 0 1 0 1 
0 1 1 1 1 1 1 1 1 0 1 0 1 0 0 0 0 0 0 1 0 0 1 1 
1 0 0 0 1 1 0 0 1 1 1 1 0 0 1 1 1 0 1 1 1 0 0 0 
0 0 1 1 0 0 1 0 1 0 0 0 1 1 1 0 1 0 0 0 1 1 1 1 
1 0 1 1 1 1 1 1 1 1 1 1 0 1 0 1 0 0 0 0 1 1 1 0 
0 1 0 1 0 0 1 0 1 0 0 0 0 1 0 0 1 0 1 1 0 1 1 0 
0 1 0 1 1 0 0 1 0 1 0 0 0 0 0 1 0 0 0 1 0 1 1 1 
1 0 0 0 1 1 0 1 0 1 0 1 0 0 0 1 1 1 0 0 0 1 1 1 
0 0 1 0 1 1 0 0 1 1 1 1 0 1 1 1 0 0 1 0 1 1 0 1 
1 0 1 1 1 1 0 0 0 0 0 0 0 0 0 1 0 1 0 1 1 0 1 1 
0 1 1 1 0 0 0 1 1 0 1 1 0 1 1 1 1 1 0 0 0 1 0 1 
1 1 1 0 0 0 1 1 0 0 1 1 1 0 1 1 1 1 0 0 1 0 1 1 
0 0 0 0 1 0 0 1 0 0 1 0 0 0 0 1 1 1 0 0 1 0 0 1 
0 1 0 0 0 0 1 1 0 1 1 0 0 0 1 1 1 0 1 0 0 1 1 1 
1 1 1 1 1 0 1 1 1 1 0 1 0 1 0 1 0 0 1 0 0 1 1 0 
1 0 1 1 1 1 0 0 1 0 0 1 1 1 1 0 1 1 1 1 1 0 0 1 
0 1 1 1 1 1 0 1 1 0 0 0 1 0 0 1 0 1 1 0 1 1 1 0 
1 1 0 0 0 1 1 0 1 1 1 0 0 1 1 0 1 0 0 1 1 0 1 1 
0 0 1 0 0 0 0 1 1 0 1 0 1 1 1 0 0 1 0 0 1 1 1 1 
1 1 0 0 1 1 1 0 0 1 1 1 0 1 0 1 0 1 1 0 1 0 0 1 
0 0 0 0 0 1 1 1 1 0 1 0 1 1 1 0 0 0 0 1 1 1 0 0 
1 0 1 1 0 0 1 0 1 0 0 0 0 0 0 0 0 1 1 1 1 1 1 1 
1 0 0 1 1 1 1 0 1 1 1 0 0 1 0 0 1 1 1 0 1 1 0 0 
1 0 0 0 0 0 0 0 0 0 1 1 0 1 1 0 0 1 0 1 1 1 1 1 
1 1 0 0 1 0 0 0 1 0 0 0 0 0 1 1 0 0 0 1 0 1 1 1 
0 1 0 0 0 0 1 1 0 0 1 0 1 0 1 0 0 1 1 1 1 0 1 1 
1 0 1 1 1 0 1 1 0 0 1 1 0 0 0 1 0 1 0 1 0 0 0 1 
1 0 1 0 1 1 0 0 0 0 0 1 0 1 0 1 0 1 0 0 0 0 0 0 
1 0 1 0 1 1 0 1 0 0 1 0 0 1 1 1 1 0 1 1 1 1 0 0 
0 0 1 0 0 1 1 0 1 0 1 1 0 1 0 1 1 1 1 1 0 0 1 1 
0 0 0 0 1 1 1 0 0 1 0 1 0 1 1 0 1 1 0 0 0 1 0 0 
0 0 0 1 1 1 0 0 1 1 1 0 1 0 0 1 0 0 0 0 1 1 0 1 
0 0 1 0 0 0 0 0 0 0 0 1 1 1 1 1 0 1 1 0 0 0 0 1 
0 0 1 0 1 1 1 0 0 1 1 1 0 1 1 0 1 0 0 0 0 0 0 1 
1 0 0 1 1 0 1 0 0 0 1 0 0 1 0 0 1 0 1 1 1 0 0 0 
1 1 1 0 1 0 0 0 0 0 1 0 1 0 1 1 0 1 1 1 0 1 0 1 
0 1 1 1 1 1 1 0 0 0 0 1 1 0 0 1 0 0 0 0 1 0 0 0 
1 0 0 1 0 1 0 1 0 0 0 0 0 0 1 0 0 1 0 1 1 0 1 1 
1 0 1 1 1 1 1 0 0 0 0 0 0 1 1 0 1 1 0 0 1 1 0 1 
1 0 0 1 0 1 1 1 1 0 0 1 0 1 0 1 1 0 1 0 1 1 1 1 
1 1 0 1 1 0 1 1 0 0 1 0 0 1 1 0 1 0 1 0 0 0 0 1 
0 1 0 1 1 1 1 0 0 0 1 1 0 0 1 0 0 0 1 1 1 0 0 0 
1 0 1 0 0 1 1 0 0 0 1 1 0 1 0 1 0 0 1 1 0 0 0 1 
1 1 1 0 1 0 1 1 1 1 0 0 0 1 1 1 0 0 0 0 0 0 1 1 
1 1 1 1 1 1 0 0 1 1 0 1 0 1 0 1 0 1 0 1 0 0 1 1 
0 0 1 0 0 1 1 1 0 0 0 0 1 0 1 0 1 1 0 0 0 0 0 1 
1 0 0 1 1 0 0 1 0 1 1 0 1 1 1 1 1 0 0 0 0 1 0 1 
1 0 0 1 0 0 1 0 0 0 0 1 0 1 1 0 0 0 1 1 1 0 1 0 
1 0 0 0 0 1 1 1 0 1 0 1 1 1 0 1 0 1 1 0 1 1 0 1 
1 1 0 0 0 1 1 0 0 1 1 1 1 1 0 1 0 1 0 0 1 0 0 1 
0 0 1 1 0 1 0 1 0 0 0 0 1 0 1 0 0 0 1 1 1 1 1 0 
0 1 1 1 1 0 1 0 1 1 0 0 0 1 1 0 1 0 0 1 0 1 0 0 
0 1 1 1 0 1 0 0 1 1 0 0 1 1 0 1 0 1 1 1 1 0 0 1 
1 0 0 0 1 1 0 0 1 1 1 0 0 1 0 1 0 1 0 1 1 0 0 0 
0 1 1 0 1 0 1 0 1 0 0 1 1 1 0 1 0 1 1 0 0 1 0 0 
0 1 1 1 1 0 1 1 0 1 1 1 0 0 1 0 1 1 1 1 0 0 0 0 
0 1 1 1 0 0 0 1 0 1 1 0 0 1 0 1 1 1 0 1 1 1 0 1 
1 0 1 0 0 1 1 1 0 1 1 0 0 0 1 1 0 1 0 0 1 0 1 0 
0 0 0 0 0 0 1 1 1 1 0 0 0 1 1 1 0 0 1 0 1 1 1 1 
0 1 1 1 1 1 1 1 1 0 0 0 1 1 0 0 1 0 0 1 1 1 1 1 
1 0 1 0 0 0 0 1 1 1 1 1 1 1 0 0 0 0 1 1 1 0 1 1 
1 0 1 0 0 0 1 0 0 0 1 1 0 0 1 1 1 1 1 0 0 0 1 1 
0 1 1 1 1 1 0 1 0 1 1 1 1 0 0 0 1 0 0 1 1 1 1 1 
1 1 0 0 1 0 0 1 1 0 1 0 0 0 1 1 1 0 0 0 0 1 0 0 
0 0 1 0 0 0 1 1 0 0 0 0 0 1 0 0 0 1 1 0 1 1 1 1 
1 1 1 1 0 0 1 0 1 0 0 0 0 1 1 0 1 0 0 0 0 0 0 1 
1 0 1 1 1 0 1 0 0 1 1 0 0 0 0 0 1 1 1 1 1 1 0 0 
1 1 0 1 0 0 0 0 1 1 1 1 1 0 0 0 1 1 1 1 0 0 0 0 
0 1 0 0 1 0 1 0 0 0 1 1 1 0 0 0 1 0 1 0 1 0 0 0 
1 0 0 0 1 1 0 0 1 1 1 0 0 0 0 1 0 0 1 0 1 1 1 0 
1 1 1 1 1 1 0 0 1 1 1 1 1 1 1 1 0 0 1 1 0 1 0 1 
1 0 0 0 1 0 0 1 1 0 1 0 1 1 0 1 0 0 0 1 1 1 1 1 
0 0 0 1 1 1 0 0 1 1 1 0 1 0 0 0 0 0 0 1 0 0 1 1 
0 0 1 1 0 0 1 0 1 1 1 1 1 0 1 1 0 0 1 0 1 0 1 0 
1 0 1 1 1 0 0 1 0 0 0 1 1 0 0 0 1 1 1 0 0 1 1 0 
0 1 1 1 1 1 0 1 1 1 0 0 0 1 0 0 1 1 1 1 0 0 0 1 
0 1 0 1 1 1 0 1 1 1 0 0 0 0 1 1 1 1 1 0 0 1 0 0 
1 0 1 1 1 0 1 1 0 1 0 1 1 0 0 1 0 0 1 1 0 0 1 1 
1 0 1 0 1 0 0 0 0 0 1 0 0 1 0 1 1 1 0 1 0 0 0 1 
0 0 1 0 1 0 1 0 1 1 0 0 1 1 1 1 0 1 0 0 0 1 1 0 
1 0 1 0 0 1 1 1 0 0 0 0 0 1 1 1 0 1 0 0 0 1 1 1 
1 0 0 0 1 1 1 0 0 0 1 1 0 1 1 1 0 0 1 0 1 1 0 0 
0 0 1 0 0 0 1 0 0 1 0 0 0 0 1 0 0 0 1 0 0 1 0 0 
0 0 0 1 1 1 0 1 0 0 0 0 0 1 1 0 1 0 1 0 1 0 1 1 
1 1 1 1 0 1 0 1 1 1 1 1 1 0 0 1 0 1 1 1 0 1 0 0 
1 0 1 1 0 1 1 0 0 1 1 1 1 1 1 0 1 0 0 0 0 0 0 1 
1 1 1 1 0 1 0 0 1 1 1 1 1 0 1 1 1 0 1 0 1 1 1 0 
1 0 0 0 0 0 1 1 0 1 0 0 0 1 1 0 0 1 1 0 1 0 1 1 
1 0 0 1 0 1 1 0 1 1 1 1 0 0 1 1 1 0 0 1 0 0 0 1 
1 0 0 0 0 1 1 0 0 1 0 1 0 1 1 1 0 0 1 0 0 1 0 0 
0 1 1 0 0 1 1 0 0 0 1 1 1 1 0 1 0 1 0 0 1 0 0 1 
1 1 0 0 0 1 1 1 1 1 1 0 0 1 1 0 0 0 0 1 1 0 1 1 
0 0 1 1 1 1 1 1 1 1 1 1 1 0 1 0 1 1 1 0 0 1 1 0 
0 1 0 0 0 1 0 0 0 0 0 0 0 0 1 1 1 1 1 1 0 1 1 1 
1 0 0 1 0 1 0 1 0 0 1 0 1 1 0 0 1 1 0 0 0 1 1 1 
1 0 1 1 0 1 1 1 1 0 1 1 0 0 1 1 1 0 1 0 1 0 0 1 
1 1 1 0 1 1 1 1 1 1 1 0 1 0 1 1 1 1 0 0 0 1 0 0 
0 0 1 1 0 0 0 0 0 1 0 1 1 1 1 1 0 0 1 0 1 1 1 1 
1 1 1 0 0 0 0 1 1 1 0 0 1 0 0 1 0 1 1 1 1 1 0 1 
1 1 1 1 1 1 0 0 1 1 1 1 1 0 1 0 0 0 0 0 1 1 0 1 
0 1 0 0 1 0 1 0 1 0 1 1 0 0 0 0 0 0 1 0 1 0 0 0 
1 0 1 0 1 1 0 0 0 1 1 1 0 1 1 0 1 1 1 1 0 1 0 0 
1 1 1 0 0 1 0 1 1 1 1 0 0 1 0 0 1 0 1 1 1 1 0 1 
1 0 1 0 1 1 0 0 0 0 1 1 0 0 0 0 1 0 0 0 1 1 0 1 
1 0 0 1 1 1 1 0 0 1 0 1 1 0 1 1 1 1 1 1 0 0 0 0 
0 0 1 0 0 1 1 1 1 1 0 0 0 0 1 0 0 0 1 0 1 0 0 0 
0 0 1 1 1 0 0 1 0 1 1 0 1 1 0 0 1 0 0 1 1 0 1 1 
0 1 1 1 0 1 0 1 0 0 0 0 0 1 1 1 0 1 1 0 1 0 1 1 
1 0 0 1 0 1 1 0 1 0 1 0 0 0 1 1 0 1 0 1 0 0 1 1 
0 0 1 1 0 1 0 1 1 1 0 0 0 0 1 0 1 1 1 1 0 0 0 0 
1 0 1 0 0 1 1 0 0 0 1 0 1 1 0 0 1 0 0 1 1 1 1 1 
0 1 0 0 1 1 1 1 1 1 0 1 0 1 1 0 1 0 1 0 1 1 1 1 
0 1 0 1 1 0 0 1 1 0 1 1 1 0 0 0 1 0 0 1 0 1 1 1 
0 1 0 0 1 0 0 1 1 1 0 0 1 1 0 0 0 0 0 1 1 0 0 1 
1 1 0 1 1 1 1 1 0 1 0 0 1 1 0 1 0 0 1 0 0 0 0 1 
0 0 0 1 1 0 0 1 1 0 0 0 1 1 0 0 0 0 0 1 1 0 1 0 
1 0 0 0 1 0 1 1 0 0 0 1 0 0 0 1 1 0 0 0 1 1 1 1 
0 0 1 1 0 1 1 1 0 1 0 0 1 0 1 0 1 1 0 1 1 0 1 1 
0 1 0 1 0 1 1 1 0 1 0 1 0 0 1 1 1 1 1 0 1 1 0 0 
0 1 1 0 0 0 0 0 0 1 1 1 1 1 1 0 1 1 0 1 0 0 0 0 
1 1 0 0 1 1 0 1 1 0 0 0 1 0 0 0 0 0 0 1 0 1 1 1 
1 1 0 0 1 0 1 0 0 0 1 1 1 1 0 0 0 1 0 1 1 1 1 1 
1 0 1 1 0 0 1 0 1 1 0 0 1 1 0 1 1 1 1 0 0 1 1 1 
0 0 1 0 0 1 0 1 1 1 0 1 0 1 0 1 1 0 1 0 0 1 1 1 
0 1 0 1 1 0 1 1 0 0 0 0 0 1 0 0 1 0 0 1 0 0 1 1 
0 1 1 0 0 1 0 1 1 1 0 1 0 1 0 1 1 0 1 0 1 0 0 1 
0 0 0 1 0 0 0 1 1 0 1 0 1 0 0 1 0 0 0 1 1 1 1 0 
0 0 0 0 0 0 1 1 1 1 0 0 0 1 0 0 0 0 1 1 0 0 0 1 
0 0 1 1 1 1 0 0 0 0 0 0 1 1 1 1 0 0 0 1 0 0 1 1 
1 1 0 0 0 1 0 0 1 1 1 0 0 1 1 1 1 1 1 0 0 0 1 1 
1 1 1 0 1 0 0 0 0 0 0 0 0 0 0 0 1 0 0 1 0 0 0 1 
1 1 1 1 0 1 0 0 0 0 1 0 0 0 0 0 1 1 1 0 0 0 1 0 
0 0 0 1 1 0 1 1 0 0 1 0 1 1 0 0 1 0 0 0 0 0 1 1 
1 1 1 1 0 0 0 1 0 1 0 0 0 1 0 0 1 0 1 1 0 1 1 0 
1 1 1 0 0 1 0 0 1 0 0 0 1 1 0 1 1 0 0 0 0 0 0 1 
0 0 0 0 1 1 1 1 1 1 1 1 1 1 1 1 1 0 1 0 0 1 0 1 
0 0 1 1 1 0 1 0 0 0 1 1 1 1 1 1 0 1 0 1 1 1 1 0 
1 0 0 0 0 0 1 1 1 1 0 0 0 1 0 1 0 0 1 1 1 0 0 0 
0 1 1 0 1 0 1 1 0 1 1 0 0 0 1 1 1 0 1 1 1 1 1 1 
0 0 1 1 0 0 1 0 0 0 0 1 1 0 1 1 0 1 0 0 1 0 1 1 
1 1 1 1 0 1 1 0 1 1 0 1 1 1 0 1 0 0 0 0 0 1 1 0 
0 0 1 0 1 1 1 1 1 1 0 1 1 1 0 0 1 1 0 1 0 1 1 1 
0 1 1 1 0 0 0 0 0 1 0 0 0 0 1 0 1 1 1 0 1 1 1 1 
1 1 0 0 1 0 1 0 1 1 1 1 0 1 1 0 0 1 0 1 0 0 1 1 
1 0 0 0 1 1 1 0 1 0 0 0 0 0 0 0 1 0 1 0 0 1 0 1 
1 0 0 1 0 0 1 0 0 0 1 0 1 1 0 1 0 1 0 0 0 1 1 1 
1 1 1 0 0 1 1 0 1 0 1 1 1 1 1 1 1 1 0 0 0 0 0 1 
1 1 1 1 0 1 1 1 1 0 1 1 1 1 1 1 0 1 1 1 1 1 0 0 
0 1 1 1 0 0 0 1 0 1 1 0 0 0 0 0 1 0 1 0 1 0 1 1 
1 1 0 0 1 1 1 0 0 1 0 1 0 1 0 0 0 0 0 1 1 1 1 1 
0 0 1 1 0 1 1 0 1 1 0 0 1 1 0 0 1 0 0 1 0 1 0 0 
1 1 0 0 0 0 0 0 1 1 1 0 0 1 0 0 1 0 0 0 0 0 1 1 
0 0 1 1 1 1 1 1 0 0 0 0 0 0 1 1 1 0 1 1 1 1 1 0 
0 1 1 0 0 0 1 1 1 1 0 1 1 1 1 0 0 1 1 0 1 1 0 0 
0 0 0 1 0 0 0 0 0 0 1 1 0 1 1 0 1 1 0 1 0 0 1 1 
0 0 1 0 1 0 1 0 1 0 0 1 0 0 1 0 1 0 1 0 0 0 0 1 
0 0 0 1 0 1 1 0 0 0 0 0 1 0 1 1 1 1 1 1 0 0 1 1 
0 0 1 1 1 1 0 0 0 1 0 1 0 0 1 1 1 1 1 0 0 1 0 1 
1 0 1 1 0 0 1 1 0 0 1 1 1 0 0 0 0 1 0 1 0 1 1 0 
1 0 1 0 0 1 1 0 0 1 0 1 0 0 1 1 1 1 1 1 1 1 0 0 
1 0 0 1 1 1 0 1 0 1 0 1 1 0 1 0 1 1 1 0 1 1 1 0 
1 0 0 1 1 0 0 0 1 0 1 0 0 0 0 1 0 1 1 1 0 0 1 0 
0 1 1 1 1 1 0 0 0 1 1 1 1 1 1 0 0 0 1 0 0 1 0 1 
1 0 0 0 1 1 1 1 1 1 1 0 0 1 1 1 1 0 1 1 0 1 1 0 
1 0 1 1 0 1 1 0 0 1 1 0 0 0 0 0 1 0 0 0 1 1 0 0 
0 1 0 1 0 0 0 0 0 1 0 1 1 1 0 0 0 1 1 0 0 1 0 1 
0 1 0 1 1 0 1 1 1 0 1 0 1 1 1 1 1 0 0 1 1 0 1 1 
1 0 0 0 0 0 1 1 1 0 0 1 0 0 1 1 0 0 0 0 1 0 1 1 
0 1 1 0 1 1 0 1 1 1 1 1 0 0 0 1 0 0 1 1 0 1 0 1 
0 1 0 0 1 0 1 1 1 0 1 1 0 0 0 0 1 1 0 0 1 0 0 1 
1 1 1 1 1 0 1 0 1 0 1 1 0 0 1 1 0 0 1 1 0 1 0 0 
0 0 1 1 0 1 0 1 1 1 1 1 1 1 1 1 1 1 0 1 0 1 1 1 
1 0 1 0 1 1 1 0 0 0 1 0 1 0 0 0 0 1 1 0 0 0 1 0 
1 1 0 1 1 1 0 1 0 0 0 0 1 1 0 0 1 1 0 0 1 0 0 0 
0 1 0 1 0 0 0 0 0 0 1 1 0 1 0 1 1 0 1 0 1 1 0 1 
0 1 0 1 1 0 0 1 0 0 1 1 0 1 1 0 0 1 1 1 0 1 1 1 
1 1 1 0 1 1 1 0 0 0 1 0 0 0 1 1 1 1 1 0 0 0 1 0 
0 1 1 0 0 0 0 0 0 0 0 1 1 1 0 1 0 1 1 1 1 1 1 1 
1 1 1 1 0 0 1 1 1 0 0 1 1 0 1 1 1 1 0 1 0 0 1 0 
0 0 1 0 1 1 1 0 0 0 0 0 0 0 0 0 0 1 0 0 0 0 0 1 
1 0 1 1 1 0 0 0 1 0 1 0 0 0 1 0 0 1 1 1 1 0 0 0 
0 1 0 1 0 0 1 0 0 0 1 0 0 0 1 1 1 1 1 1 1 1 1 1 
1 0 1 0 0 1 1 0 1 1 1 1 1 0 1 0 0 1 1 0 1 1 1 0 
1 0 0 1 0 0 1 1 0 1 1 1 0 1 0 0 1 0 1 1 1 1 0 1 
1 0 1 1 1 0 1 1 0 0 0 1 1 0 0 0 0 0 1 1 0 1 0 0 
1 0 0 1 0 0 1 0 1 0 0 0 0 0 0 0 1 1 0 0 1 0 0 0 
0 1 0 1 1 0 1 0 0 0 1 1 1 1 0 0 0 0 1 0 0 1 1 1 
0 0 0 0 0 0 0 1 0 1 0 1 0 0 1 0 1 0 1 0 0 1 1 0 
0 1 0 1 1 0 1 0 1 1 0 1 1 1 0 1 0 0 0 1 1 0 1 1 
1 0 1 1 1 0 0 0 0 1 0 1 1 1 1 1 0 0 1 0 0 0 1 0 
1 1 1 1 0 1 1 1 1 0 1 0 0 1 0 0 1 0 1 1 0 0 0 0 
1 1 1 1 1 0 0 0 0 1 1 1 1 0 0 1 1 0 1 1 1 0 0 1 
1 1 1 1 1 1 1 0 1 1 1 0 1 0 0 1 1 1 1 0 0 0 0 1 
1 0 1 1 0 0 0 0 0 0 1 1 0 1 0 0 0 1 1 1 1 1 1 0 
0 0 1 1 0 0 1 1 1 1 0 0 1 1 1 0 1 1 0 1 1 0 1 1 
0 0 0 1 0 1 0 1 1 1 0 0 1 1 1 0 0 0 0 0 0 0 0 0 
1 0 1 0 1 1 0 0 1 0 1 0 0 0 0 1 0 0 1 1 0 1 0 1 
1 1 1 1 0 1 1 1 0 0 1 1 1 1 0 0 0 1 1 1 0 1 0 0 
1 0 0 0 1 0 0 0 1 0 0 1 1 1 1 1 0 1 1 1 0 0 0 1 
1 1 1 0 1 0 1 0 1 1 1 1 0 0 0 1 1 0 1 1 0 0 1 1 
1 0 1 1 1 0 1 0 1 0 0 0 1 0 0 1 0 1 1 1 1 0 1 1 
1 0 0 1 1 0 1 1 1 0 0 1 0 0 1 1 1 0 0 0 1 1 0 1 
0 0 0 1 0 1 0 0 1 0 1 1 1 1 1 1 0 1 1 1 0 1 1 0 
0 1 0 0 0 1 0 1 1 1 0 1 0 0 1 1 1 0 0 1 0 0 1 1 
1 0 1 0 1 1 0 0 0 0 0 0 0 1 1 0 0 1 0 0 1 0 0 1 
0 1 0 1 0 1 0 0 0 0 0 0 1 0 1 1 0 1 1 1 1 0 1 0 
0 0 1 0 1 1 0 1 0 1 0 1 0 0 1 0 0 0 0 1 0 1 1 0 
1 0 1 0 1 0 1 1 0 1 1 0 1 1 1 0 0 0 1 1 0 0 1 0 
0 0 0 1 1 1 0 0 1 0 1 1 1 0 1 1 0 0 0 1 0 1 1 0 
1 1 1 1 0 0 0 0 1 0 0 0 1 0 1 1 0 0 1 1 0 0 1 1 
1 1 1 0 0 0 0 1 1 1 1 1 1 0 0 1 0 1 1 0 0 0 0 0 
1 1 0 1 1 0 0 0 0 0 1 1 0 0 1 0 0 0 0 1 0 0 1 0 
1 0 1 0 0 0 0 0 0 0 1 1 0 0 1 0 0 1 0 0 1 0 0 0 
1 1 0 1 0 0 1 1 1 0 0 0 1 0 0 0 1 1 1 1 1 0 0 0 
0 1 1 1 0 1 1 1 0 0 0 1 1 1 1 1 0 0 0 0 0 0 1 0 
1 0 0 1 1 1 0 0 0 0 0 0 1 0 0 1 1 1 1 0 1 1 1 0 
0 0 0 1 0 0 0 1 1 1 1 1 0 1 1 1 1 1 1 1 1 0 1 0 
1 1 0 1 1 0 1 0 1 1 1 1 1 1 0 0 1 0 1 1 1 1 0 1 
1 0 0 0 1 1 1 1 0 1 0 1 1 0 0 0 1 1 1 0 0 0 1 1 
1 0 1 1 0 0 1 1 0 0 0 1 1 1 1 0 1 1 1 1 1 1 0 0 
1 0 0 0 0 0 1 1 0 1 0 1 0 0 1 1 1 0 0 0 0 0 0 0 
1 1 0 1 1 1 0 0 0 0 1 0 0 0 1 1 0 0 0 0 0 0 1 1 
1 1 0 1 1 0 0 1 1 0 1 0 0 0 1 1 0 0 1 1 0 0 0 0 
1 1 0 0 0 0 1 0 1 1 0 0 0 0 1 1 1 1 0 1 0 1 0 1 
1 1 1 1 1 1 1 1 1 1 1 1 0 0 1 0 0 0 1 1 1 0 1 0 
0 0 0 0 0 1 1 0 1 1 1 0 0 0 0 0 1 0 0 0 0 1 1 1 
1 0 1 0 0 1 1 1 1 0 1 1 0 1 0 1 0 1 1 0 0 0 1 1 
0 1 0 0 0 1 1 1 0 0 0 0 1 0 0 1 1 0 1 0 1 0 0 0 
1 1 0 0 0 0 1 1 1 0 1 0 0 0 0 1 0 0 1 1 0 1 1 1 
1 1 1 1 1 0 0 1 1 0 1 1 0 1 1 1 1 0 0 0 1 0 1 1 
0 0 0 1 1 1 1 1 0 0 0 1 0 1 1 0 1 0 0 1 0 1 0 0 
0 1 1 0 1 0 1 1 1 0 0 0 0 0 0 1 0 0 0 1 0 0 1 0 
0 0 1 1 1 0 0 0 1 0 0 0 0 1 1 1 0 0 0 0 1 1 0 0 
0 1 1 0 0 1 1 1 0 1 0 0 0 0 1 0 1 1 1 0 1 0 1 1 
1 0 1 1 1 1 0 0 1 0 0 1 0 0 1 0 1 0 0 1 0 0 0 0 
0 0 0 0 1 0 0 0 0 0 0 0 0 0 1 1 0 0 0 1 1 0 1 1 
1 1 1 1 1 1 0 0 0 1 1 1 0 0 1 1 1 1 0 0 0 1 1 1 
1 1 0 1 0 0 1 0 0 1 0 0 0 1 1 1 0 1 1 1 0 0 1 0 
1 1 0 0 0 0 0 1 0 1 1 1 1 1 1 0 0 0 1 1 1 0 0 0 
1 1 1 1 0 0 0 1 1 1 1 1 1 0 1 1 0 0 0 1 0 1 0 1 
1 0 0 0 0 0 1 0 0 1 1 1 0 1 1 0 0 1 1 1 0 1 0 0 
0 0 1 1 0 0 0 1 0 0 0 1 1 0 1 0 1 1 1 1 0 1 1 1 
1 0 1 1 1 1 0 1 0 0 0 0 0 0 0 1 0 1 1 0 1 0 1 0 
0 1 1 0 0 1 1 0 0 1 0 0 0 0 1 1 0 0 1 0 1 1 1 1 
0 0 1 1 0 1 1 0 0 0 0 1 0 1 1 0 0 1 0 0 0 0 1 1 
1 0 1 1 0 0 0 0 0 1 0 1 1 1 0 1 1 0 1 1 0 0 0 1 
1 0 0 0 0 1 1 0 0 1 1 1 1 1 0 0 1 0 0 1 0 1 1 0 
1 0 0 1 1 1 0 1 1 0 1 1 1 0 0 1 1 0 1 0 0 1 1 1 
1 1 1 0 0 1 1 0 0 0 1 0 0 1 1 0 1 0 1 0 1 1 0 1 
1 1 1 1 1 0 0 1 0 1 0 0 0 1 0 1 0 1 1 1 1 0 1 0 
1 0 1 1 1 1 0 0 0 1 0 0 1 0 0 0 1 0 0 1 0 1 0 1 
0 0 0 1 0 0 0 1 1 1 1 0 1 0 1 0 1 1 1 0 1 0 0 1 
0 1 0 0 0 1 0 0 1 0 1 0 0 1 1 0 1 0 1 1 1 1 1 1 
0 0 0 0 0 1 0 0 1 1 0 1 1 0 1 1 0 0 0 1 1 0 1 1 
0 0 0 1 1 0 1 0 1 1 0 1 0 1 0 1 1 1 0 0 0 0 0 0 
1 1 1 0 1 1 0 1 0 0 1 0 0 1 1 0 1 0 1 0 0 0 1 0 
0 1 1 1 0 1 0 1 0 1 1 1 0 0 1 1 0 0 1 0 0 1 0 0 
0 0 0 0 1 1 0 1 1 1 0 0 1 0 0 1 0 1 1 0 1 1 0 0 
0 1 1 0 0 0 1 1 0 0 1 0 0 1 0 1 0 1 0 0 1 1 0 0 
1 0 0 0 0 0 0 0 1 1 1 1 1 0 0 0 1 1 1 1 0 0 1 1 
0 1 1 0 1 1 1 1 1 1 0 0 0 0 1 0 1 0 1 1 1 1 1 0 
0 1 0 0 1 0 0 1 1 1 1 1 1 1 0 0 0 0 0 0 1 0 1 1 
1 1 0 1 0 0 0 0 0 1 0 1 1 0 1 1 0 0 0 1 0 1 0 1 
1 0 1 1 0 1 1 0 1 1 1 0 0 0 0 0 1 1 1 1 1 1 1 1 
1 1 0 1 0 0 0 0 1 0 0 1 1 0 0 0 1 0 1 1 0 1 1 0 
1 1 0 0 1 0 1 0 0 0 1 1 0 0 1 0 1 0 1 1 0 0 1 1 
0 0 1 1 0 1 1 1 0 1 1 1 0 0 1 1 0 0 0 0 1 0 0 0 
0 1 1 0 1 1 0 0 1 1 0 0 0 1 0 1 1 0 1 0 0 1 1 0 
1 1 1 0 1 1 0 1 1 0 1 1 1 1 1 0 1 0 0 1 0 0 1 0 
1 1 1 1 1 1 1 0 0 0 0 1 0 1 1 1 1 1 1 0 0 1 0 1 
0 0 1 0 1 1 1 0 0 1 0 1 1 0 0 0 1 0 1 1 1 1 0 0 
0 1 1 1 0 1 0 1 1 0 0 0 0 0 1 1 1 0 1 1 1 0 0 0 
0 0 0 0 0 0 0 0 0 1 1 1 0 0 0 1 1 0 1 0 0 1 1 1 
0 0 1 1 0 0 1 0 1 1 0 0 1 0 1 1 0 0 1 1 0 1 1 1 
0 0 0 1 0 0 0 0 0 0 1 1 0 1 0 0 1 0 1 1 1 0 0 1 
1 0 1 1 1 1 0 1 0 0 0 0 1 1 1 0 0 1 0 1 0 1 1 1 
1 1 0 1 1 0 1 1 1 0 1 1 1 0 0 1 1 0 0 1 0 0 1 0 
1 0 0 1 1 1 0 0 0 1 1 1 0 0 1 1 1 0 0 1 1 1 0 1 
0 0 0 0 0 0 1 1 0 1 0 0 0 0 1 1 1 0 1 1 0 1 0 1 
0 1 1 1 0 1 0 0 0 0 1 1 0 1 1 1 0 0 1 0 1 1 1 1 
0 0 0 0 1 0 0 1 1 1 1 0 0 1 1 0 0 1 0 0 1 1 1 0 
0 1 1 1 1 1 1 0 0 0 0 1 0 1 0 1 0 1 1 0 0 1 0 0 
1 1 1 1 1 0 1 1 1 0 1 1 1 1 1 1 1 0 1 1 1 1 0 0 
0 1 1 0 1 0 1 0 0 1 1 0 0 0 1 1 0 0 0 1 1 0 0 1 
1 0 1 0 0 0 0 1 1 1 1 0 1 0 1 1 1 1 1 1 0 0 0 1 
0 0 1 1 0 0 0 0 0 0 1 0 0 0 1 0 1 0 0 1 1 0 0 1 
0 1 0 1 1 1 1 1 0 1 1 0 0 1 0 1 1 1 1 1 1 1 0 0 
1 1 1 1 0 1 0 0 0 1 1 1 1 0 0 1 1 1 1 0 0 1 0 1 
1 1 0 0 1 1 0 1 0 0 1 0 1 0 1 1 0 0 0 0 1 1 0 0 
1 1 1 0 1 1 0 0 1 1 0 1 0 1 0 0 1 0 1 1 0 1 1 0 
1 1 0 0 1 1 0 0 0 0 1 0 1 0 1 0 1 0 1 1 1 0 1 1 
1 1 1 1 0 0 1 0 0 1 0 0 1 0 1 0 0 0 0 0 1 0 0 0 
1 0 1 0 1 1 1 0 1 1 0 0 1 1 0 0 0 1 0 1 0 0 1 1 
0 1 0 1 1 1 1 1 1 1 1 1 0 1 1 0 0 0 1 1 0 1 0 1 
0 0 1 1 0 0 1 1 0 0 0 0 1 1 0 0 1 0 0 0 0 0 0 0 
0 1 0 1 1 0 1 0 0 0 0 1 0 0 1 1 0 1 0 0 1 0 1 0 
1 1 1 0 1 0 1 0 0 0 0 1 0 0 0 1 1 1 0 0 0 0 0 1 
0 0 0 1 1 1 1 1 1 1 1 0 0 1 1 0 1 0 0 1 0 0 1 0 
1 1 0 0 0 0 0 1 1 0 0 1 1 1 0 1 0 0 0 0 0 0 0 0 
0 1 0 0 0 1 0 1 0 1 0 0 0 0 1 1 1 0 0 1 1 1 0 1 
0 1 0 1 1 0 1 1 0 0 0 0 0 1 0 0 0 0 1 0 0 0 0 0 
0 1 1 0 1 1 1 1 1 1 1 0 0 0 0 1 0 1 0 0 0 0 1 1 
1 1 0 1 0 1 0 1 0 0 0 0 0 1 0 0 1 1 0 0 1 0 0 1 
1 0 0 1 1 0 1 0 1 0 1 1 0 0 0 0 1 1 0 1 1 1 0 0 
0 0 0 0 0 0 0 0 1 0 0 0 1 1 0 1 1 0 0 0 0 0 1 0 
0 0 1 1 0 0 0 1 0 0 0 1 0 1 1 0 1 0 0 1 0 0 1 0 
0 1 1 0 1 1 1 1 1 0 1 1 1 1 0 0 0 1 1 1 1 1 1 1 
1 0 0 1 1 1 1 1 0 0 1 1 1 0 1 0 1 1 0 0 1 1 0 0 
1 0 1 0 0 0 0 1 1 1 1 0 0 1 1 1 1 0 1 0 1 0 0 0 
0 0 0 1 0 0 1 1 0 1 0 0 0 1 1 0 1 0 1 1 1 1 1 0 
1 0 0 0 0 1 0 1 0 0 0 1 0 0 0 1 1 0 1 0 0 1 0 0 
0 0 1 1 1 1 1 1 1 1 1 0 1 0 1 1 0 0 0 1 0 0 0 1 
1 1 0 0 1 1 0 1 0 0 1 1 1 1 0 1 0 0 0 1 0 1 0 0 
0 1 0 1 0 0 0 1 0 1 1 1 0 0 0 1 0 0 0 1 0 0 1 0 
1 0 1 0 0 0 0 1 0 1 0 0 1 0 0 0 0 0 0 1 0 1 0 0 
0 0 1 0 0 1 0 1 1 0 1 0 0 0 1 0 1 0 0 1 0 1 0 0 
1 0 0 1 0 1 0 0 0 0 1 1 1 0 0 0 0 0 1 1 0 1 1 0 
1 1 0 0 0 0 1 1 0 0 0 1 1 1 0 1 0 0 1 0 1 0 1 0 
1 1 1 1 1 1 0 1 0 0 1 1 0 0 1 0 0 0 1 1 1 1 0 0 
0 0 1 1 1 0 0 0 0 0 1 1 1 0 0 0 0 0 1 0 0 0 1 0 
1 0 1 1 1 1 1 1 0 0 0 0 0 1 1 0 1 0 0 1 1 1 1 1 
1 0 1 1 0 1 0 1 1 1 1 0 1 0 0 1 0 1 0 0 0 0 1 1 
0 1 1 1 0 0 1 1 1 1 0 1 0 0 0 1 1 1 0 1 1 1 0 0 
0 1 1 1 0 1 0 0 1 1 0 0 0 0 0 1 1 0 1 1 0 0 0 1 
0 0 1 1 1 0 0 0 0 1 1 1 1 0 0 0 1 0 1 0 1 0 0 1 
1 1 0 1 0 1 0 0 0 0 0 0 0 1 1 0 1 0 0 1 1 1 1 0 
1 0 1 1 0 1 1 1 1 0 0 0 0 0 1 0 1 1 0 1 0 1 0 1 
1 0 1 0 1 1 1 0 1 1 1 0 0 0 1 0 1 1 0 0 0 1 1 1 
1 1 1 1 1 1 1 1 1 0 0 1 1 1 1 0 0 0 0 1 1 1 1 1 
0 0 0 1 1 0 1 0 1 1 0 1 0 0 0 0 0 1 0 1 1 1 1 1 
0 1 1 0 0 1 0 1 0 1 1 1 1 0 1 1 1 1 0 1 0 1 0 1 
1 1 0 1 0 1 0 1 0 0 0 0 1 0 0 1 0 0 0 1 1 0 1 1 
1 0 0 1 0 0 1 0 1 0 0 1 1 0 0 1 0 1 1 0 1 1 1 0 
1 0 0 1 0 1 0 0 0 0 0 1 1 1 0 0 1 1 0 1 1 0 1 1 
0 1 1 1 1 1 1 1 1 0 0 1 1 1 1 1 1 1 0 0 1 0 1 1 
1 0 0 0 1 0 0 0 0 1 1 1 0 1 0 0 1 0 0 0 1 1 0 0 
1 1 1 1 0 0 0 0 0 1 1 1 1 0 1 0 0 0 1 1 1 0 0 1 
1 1 0 0 1 1 1 0 0 1 0 1 1 0 1 1 0 1 0 0 1 0 0 1 
1 1 1 1 0 1 1 1 0 0 1 0 0 1 1 0 0 1 0 1 1 0 0 1 
0 0 1 0 1 0 0 0 1 1 1 1 0 0 0 0 1 0 0 1 0 1 1 1 
1 1 1 1 0 1 1 0 0 0 1 1 1 0 0 0 1 0 0 1 1 0 1 1 
1 0 0 1 1 1 0 1 0 1 1 1 1 0 1 1 0 0 0 0 0 1 1 0 
0 0 1 1 1 1 0 1 1 0 0 1 0 0 1 1 0 0 1 0 0 1 1 0 
1 0 1 1 1 1 0 1 1 1 1 1 1 0 0 1 1 0 1 0 0 1 0 0 
1 1 0 1 0 1 1 1 1 0 1 0 0 1 1 1 1 0 1 0 0 0 1 1 
0 0 0 0 1 0 0 0 1 0 0 1 0 0 1 1 1 0 1 1 0 0 0 1 
1 1 1 1 1 0 1 0 0 0 0 0 1 1 0 0 1 1 1 0 1 0 1 0 
0 1 1 1 1 0 1 1 0 0 1 1 1 0 0 0 0 1 0 1 0 0 0 0 
0 0 1 1 1 0 0 0 0 1 1 0 1 0 0 1 0 1 0 1 1 0 0 1 
0 0 0 1 0 1 1 0 0 0 1 1 0 0 0 1 1 1 0 0 1 0 1 0 
0 1 0 0 0 0 0 0 1 1 1 1 0 1 0 1 1 1 0 1 1 1 1 1 
1 1 1 1 0 0 1 1 0 1 1 0 0 0 0 1 0 0 1 0 1 1 1 0 
1 0 1 0 0 0 0 1 0 0 0 0 0 0 1 1 1 0 1 1 0 0 1 0 
0 0 1 0 0 1 1 1 1 1 1 0 0 1 1 1 1 0 0 1 1 1 0 0 
1 1 1 1 0 1 0 1 1 0 0 0 0 0 1 0 0 0 0 1 0 0 0 1 
0 0 0 0 0 0 0 1 1 1 1 1 0 1 0 0 1 0 1 1 0 0 1 1 
1 1 0 0 0 1 0 0 1 0 0 1 0 0 0 0 0 0 1 1 1 0 1 1 
0 0 1 0 1 1 1 1 1 1 1 0 1 1 0 0 1 0 0 0 1 0 1 1 
0 0 1 1 1 1 1 0 0 0 0 0 0 1 0 0 0 1 1 0 1 1 1 1 
0 0 1 1 0 0 0 1 0 1 1 0 1 1 1 0 1 1 1 0 0 1 1 0 
0 1 0 0 0 0 1 0 1 1 0 1 0 0 1 0 1 0 1 1 0 0 1 1 
0 1 0 1 1 1 1 1 0 0 1 1 1 0 0 1 0 1 0 0 0 0 1 0 
1 0 1 0 0 1 0 1 1 1 1 1 0 0 0 1 1 1 0 1 0 0 0 0 
0 0 0 0 0 1 0 1 1 1 0 1 0 0 1 0 0 0 0 1 0 1 0 1 
0 1 1 0 1 1 1 1 1 1 1 1 0 1 1 0 1 1 1 0 0 0 1 0 
0 0 1 1 0 1 0 1 0 0 1 0 1 1 1 0 0 0 0 0 1 1 1 0 
0 1 1 0 0 0 1 1 1 1 1 0 1 1 1 1 1 0 0 0 1 1 1 0 
0 1 0 0 0 1 0 1 1 1 0 0 1 1 0 0 0 0 1 0 0 1 0 1 
1 0 0 0 0 1 0 1 1 1 1 1 1 0 1 0 0 1 0 1 0 1 0 1 
0 1 0 1 0 1 0 1 0 0 0 1 1 0 1 0 1 0 0 1 0 0 1 1 
1 0 0 1 1 0 0 1 0 0 0 1 0 0 0 1 0 0 0 0 1 0 1 1 
1 1 1 0 1 0 1 0 1 0 0 1 1 1 1 1 0 0 1 1 0 1 0 1 
1 0 1 1 0 0 1 0 1 0 0 0 0 1 1 1 0 1 0 0 1 0 1 1 
1 1 1 1 1 0 1 1 1 0 1 0 0 0 1 1 0 0 1 0 0 1 0 1 
0 0 0 0 0 1 1 0 0 0 0 0 0 1 0 0 0 0 0 1 1 1 1 1 
0 0 1 1 1 0 1 1 1 0 0 1 0 0 0 1 0 0 0 1 0 1 1 0 
0 0 1 0 1 0 0 0 0 1 0 1 1 1 0 1 0 1 0 0 1 0 1 0 
1 0 0 0 0 1 1 1 1 0 1 1 0 1 1 0 0 1 0 0 1 0 1 0 
1 0 1 0 0 1 0 0 0 0 0 1 1 1 1 0 1 0 1 1 1 1 1 0 
0 0 0 1 1 0 0 0 1 0 1 0 0 0 0 0 0 1 1 1 0 0 0 1 
0 0 1 0 1 0 0 0 1 0 1 0 1 0 1 1 1 1 0 1 0 0 1 0 
0 1 0 0 0 0 1 0 1 0 0 0 1 0 0 0 1 0 0 1 0 0 1 0 
1 0 0 1 1 1 1 0 1 1 0 1 0 0 0 1 1 1 1 0 1 0 0 1 
0 0 0 0 1 0 1 0 1 0 0 1 1 0 0 1 0 0 0 0 1 0 1 0 
0 0 0 0 1 1 1 1 1 0 1 1 0 1 0 1 0 1 1 0 1 0 1 1 
1 1 0 0 1 1 0 1 1 1 1 0 1 1 0 1 0 1 1 0 1 1 0 0 
1 0 1 1 0 0 1 0 0 0 1 1 1 0 1 0 1 0 1 1 1 1 1 0 
0 1 1 1 1 0 0 1 0 0 1 0 1 1 0 0 1 0 0 0 0 0 1 0 
0 0 1 1 1 1 0 0 1 1 1 0 1 1 1 1 0 0 1 0 0 1 0 0 
1 0 1 1 1 1 1 1 0 0 1 1 0 0 0 1 0 0 0 0 1 0 1 1 
1 1 1 1 1 0 0 0 0 0 1 1 1 1 1 1 1 1 0 0 0 0 0 0 
1 0 0 1 1 1 0 1 0 0 0 1 0 1 0 0 0 1 1 0 0 0 1 1 
0 0 1 0 0 1 1 0 1 1 1 1 1 0 1 1 0 0 0 1 0 1 1 0 
0 1 0 1 1 1 0 1 1 1 1 0 0 0 0 0 1 0 1 1 1 0 0 0 
0 0 1 1 1 1 1 1 0 1 1 0 1 1 0 1 1 0 0 0 0 0 0 0 
1 0 1 1 1 1 1 0 1 1 0 1 0 1 0 0 0 0 1 1 0 1 0 1 
0 0 1 1 0 1 0 1 1 0 0 1 1 0 1 0 0 0 1 1 0 0 1 1 
0 1 0 0 0 1 1 1 0 0 0 1 0 0 0 1 1 0 0 0 1 1 0 0 
0 1 0 0 0 0 1 0 0 0 1 0 0 0 1 0 0 1 1 0 1 0 0 0 
1 0 0 1 1 1 1 0 0 0 1 0 0 1 1 0 0 1 1 0 1 1 1 0 
1 0 0 1 1 0 0 1 1 1 0 1 1 1 0 0 0 0 0 0 0 1 1 1 
0 0 1 1 0 0 1 1 0 0 0 1 0 1 1 0 0 1 1 1 0 1 0 1 
0 1 0 1 1 1 1 1 1 1 0 0 0 1 0 0 1 0 1 1 1 1 0 0 
1 1 0 1 1 1 1 1 0 1 1 1 0 1 0 1 0 0 0 0 0 0 1 0 
1 1 1 0 1 0 0 0 0 1 0 0 1 0 0 1 0 1 1 1 0 0 1 1 
1 0 1 1 1 1 0 1 0 1 1 0 1 1 1 1 0 0 1 1 1 0 1 0 
1 0 0 0 0 1 1 1 0 1 1 0 1 0 1 1 0 0 0 0 1 0 0 1 
1 0 0 0 1 0 1 1 0 0 0 0 1 1 0 0 1 1 1 1 0 0 0 0 
1 0 1 1 1 1 1 0 0 1 0 0 0 0 1 0 1 1 0 1 1 0 1 1 
0 0 0 0 0 0 0 0 0 0 1 1 0 1 1 0 0 0 0 0 0 1 0 1 
0 1 1 0 1 1 0 1 1 1 1 1 0 1 1 0 1 0 1 1 1 0 1 1 
0 0 0 1 1 1 1 1 0 1 0 0 1 1 1 1 0 1 1 1 1 0 0 1 
0 0 0 0 1 1 0 0 1 0 1 1 1 0 0 0 0 0 1 1 0 0 0 0 
0 0 1 1 0 0 0 1 0 1 1 0 1 0 1 1 0 1 1 0 1 0 0 1 
1 0 0 1 0 1 1 1 0 1 0 0 1 0 0 1 0 1 0 0 1 0 0 1 
0 0 0 1 0 1 1 0 1 1 1 0 1 0 0 0 0 1 0 1 1 1 1 1 
1 0 1 0 0 1 1 1 1 1 1 0 1 0 0 1 1 0 1 1 1 0 1 0 
0 0 0 0 1 1 1 1 0 0 0 1 0 0 0 1 1 0 0 1 1 0 0 0 
0 0 1 0 1 0 0 1 1 0 1 1 0 1 0 0 1 1 0 1 0 1 0 1 
0 0 0 1 1 0 0 1 1 1 0 0 0 0 0 0 0 0 1 1 0 1 1 0 
0 1 0 0 0 1 0 1 0 1 0 1 1 0 1 1 1 1 1 1 1 1 1 0 
0 0 0 1 0 1 1 0 0 1 0 0 1 1 1 0 0 0 1 1 1 1 1 0 
0 0 0 0 1 1 1 1 0 0 0 0 0 0 0 1 0 0 0 0 0 1 0 1 
1 0 0 1 1 1 1 0 1 1 1 1 0 1 0 1 0 1 0 1 1 0 0 1 
0 0 0 0 0 0 1 1 0 1 1 1 1 1 1 0 1 0 1 0 0 1 0 0 
1 1 1 1 0 1 1 1 0 0 1 0 0 1 0 0 0 1 1 0 1 1 0 0 
0 1 1 1 0 0 1 1 0 1 0 0 0 1 1 0 0 1 1 1 0 1 0 0 
1 0 0 0 0 0 0 1 0 0 1 1 1 1 0 0 1 0 0 0 0 0 1 1 
0 1 1 0 0 1 1 0 1 0 0 1 1 1 1 1 1 0 0 1 1 1 1 1 
1 1 1 1 1 0 0 1 1 1 1 1 1 0 1 0 0 0 1 1 0 0 0 1 
0 0 0 1 1 1 0 1 0 1 0 1 0 1 0 0 1 1 0 1 0 1 0 0 
1 0 0 0 1 0 1 1 1 1 0 1 1 0 1 1 1 0 1 0 1 0 1 1 
0 0 0 1 0 1 0 1 0 0 0 0 0 0 0 1 0 1 0 1 0 0 1 1 
0 1 1 1 1 1 1 1 0 1 0 1 1 0 1 1 0 1 1 1 0 0 0 0 
0 1 0 0 0 1 0 0 1 1 0 1 1 1 1 0 0 0 0 1 0 0 0 0 
1 0 1 0 1 1 1 0 1 0 0 0 1 1 1 1 0 0 0 0 1 0 1 1 
1 0 0 1 0 0 1 0 0 0 0 1 1 0 1 0 1 0 1 0 0 0 1 0 
1 0 0 1 1 0 0 0 0 0 0 1 1 0 1 0 1 0 0 1 0 0 1 0 
0 0 1 0 1 1 0 0 0 0 0 1 0 0 0 0 0 1 0 1 0 0 1 0 
0 1 0 0 0 1 1 0 0 0 0 0 0 1 0 1 1 1 1 0 1 1 1 0 
0 1 1 0 0 1 0 1 1 0 0 0 0 1 1 0 1 0 1 0 1 0 1 0 
0 0 1 0 0 1 1 0 1 1 1 1 0 1 1 1 0 1 0 1 1 1 1 0 
0 1 1 1 0 1 1 0 1 1 0 0 0 1 1 0 1 0 1 0 0 0 0 1 
0 1 1 1 1 0 1 0 0 1 1 1 0 0 1 0 1 1 1 0 1 0 1 1 
0 1 0 0 0 0 1 0 1 1 0 1 0 1 1 1 0 0 1 1 1 1 0 1 
0 0 1 0 1 1 0 1 1 0 0 1 1 1 0 1 0 1 1 0 0 0 0 1 
0 0 1 1 1 1 1 1 1 1 0 1 1 1 0 1 1 1 1 0 0 1 1 0 
0 0 1 1 0 0 0 0 0 1 1 1 1 1 1 0 1 0 1 1 1 0 0 0 
0 1 0 1 1 1 1 1 0 1 0 1 1 1 0 1 1 0 1 0 1 1 0 0 
0 1 1 1 0 1 1 0 0 0 1 0 1 1 0 1 1 0 1 0 0 0 0 1 
0 1 1 1 0 1 1 0 0 1 1 0 1 0 1 0 0 0 0 1 1 0 1 1 
1 0 0 1 1 0 1 0 1 0 1 0 0 1 0 1 1 1 1 1 1 1 0 1 
1 0 1 1 1 0 1 1 0 0 1 0 1 1 1 1 1 1 1 1 0 0 0 0 
0 1 0 0 0 1 0 1 1 0 1 1 0 0 1 0 1 1 1 0 0 0 0 0 
0 0 1 0 0 0 1 1 0 0 0 1 0 1 0 1 1 0 1 0 1 1 0 1 
0 1 0 0 0 0 0 1 0 1 0 1 1 1 1 1 0 1 0 0 1 0 1 0 
1 0 0 0 1 1 1 1 1 1 0 1 1 0 0 0 0 0 1 1 1 0 1 0 
0 0 0 0 0 1 1 0 0 0 0 0 0 0 0 0 1 1 0 0 0 0 1 0 
0 1 1 1 1 0 0 1 0 1 1 0 1 0 1 1 0 0 0 1 1 1 0 1 
1 1 1 1 0 0 0 0 0 0 0 1 0 1 0 1 1 1 1 0 1 0 1 1 
1 0 1 0 0 1 1 0 1 0 1 1 1 0 1 0 0 0 0 1 1 0 1 1 
1 0 0 1 0 1 0 1 0 0 0 0 1 1 0 1 1 1 0 0 1 0 0 0 
0 1 1 1 0 0 0 0 1 1 0 1 1 0 0 1 0 0 0 0 1 1 1 0 
0 1 0 0 0 1 0 1 0 0 0 0 0 0 0 0 0 0 0 0 0 0 1 0 
1 1 0 1 1 1 0 1 0 0 1 1 1 1 1 0 0 1 0 1 1 0 1 1 
1 1 0 0 1 1 1 1 1 1 0 1 1 0 0 1 0 1 0 1 0 1 0 0 
1 1 1 1 1 0 0 0 0 1 0 1 1 1 0 1 1 1 1 0 0 1 0 1 
0 1 1 0 0 0 1 1 1 0 1 1 1 0 0 1 1 1 1 1 1 0 1 1 
1 1 0 0 0 0 1 1 1 1 0 1 1 1 0 1 0 0 0 1 0 0 1 1 
0 0 1 1 1 1 0 1 1 0 1 0 0 1 0 0 1 0 0 0 1 1 0 0 
1 1 1 1 0 0 0 0 0 0 0 1 0 0 0 1 1 0 0 0 0 1 1 1 
1 1 1 0 0 0 1 0 0 0 1 0 0 0 0 0 1 0 1 0 0 0 1 1 
0 0 1 0 0 1 0 1 0 0 1 1 0 0 1 0 0 1 0 1 1 1 1 1 
0 1 0 1 1 0 1 0 1 1 1 1 1 0 0 1 1 0 1 1 1 0 0 1 
1 1 1 0 1 1 0 1 0 1 0 1 1 0 0 0 0 1 0 1 0 0 0 0 
0 0 1 1 0 1 0 0 1 1 1 1 1 0 0 1 0 1 1 1 1 1 1 1 
1 1 1 1 1 1 0 0 0 1 0 0 1 0 1 0 1 0 1 1 0 1 0 1 
0 1 1 0 0 1 1 1 0 0 0 1 1 1 1 1 1 0 0 0 0 0 1 0 
0 0 1 1 0 0 1 1 1 1 1 1 0 0 1 1 0 1 0 1 1 0 1 1 
0 0 0 0 0 0 0 0 0 0 0 0 0 1 1 0 1 0 0 0 0 1 0 1 
0 1 0 1 1 0 1 0 1 0 0 1 1 1 0 1 0 0 0 1 1 0 1 1 
1 0 0 0 0 0 1 0 0 0 0 0 1 1 0 0 0 0 0 0 1 0 1 1 
0 1 1 1 0 1 0 1 1 0 0 0 1 0 1 0 1 1 0 0 1 1 0 1 
1 1 0 0 1 0 0 0 1 1 0 0 1 1 1 0 1 0 1 1 1 0 0 1 
1 0 1 0 1 1 1 1 1 0 1 0 1 0 1 1 1 0 0 1 0 1 0 0 
1 0 0 1 1 0 1 1 0 0 1 1 1 1 0 1 1 1 1 0 1 1 1 0 
1 1 0 0 0 1 1 1 1 1 0 0 1 1 0 1 0 0 0 1 0 1 0 0 
1 1 1 0 1 0 1 1 0 0 0 0 1 1 0 1 0 0 0 1 1 1 0 0 
1 1 1 1 0 1 0 0 1 1 0 0 0 0 0 0 1 1 0 1 1 1 1 1 
1 0 0 1 1 0 1 1 0 0 1 1 0 0 0 0 1 1 0 0 1 1 1 0 
1 0 1 0 1 1 1 1 0 1 0 0 0 0 1 0 0 1 1 1 1 1 1 1 
1 1 1 0 0 0 0 1 0 0 1 0 0 1 0 1 0 0 0 0 0 1 1 0 
0 1 1 1 1 0 1 0 1 1 1 0 0 0 1 0 0 0 0 0 0 1 1 1 
0 0 1 1 1 0 0 0 0 0 0 1 1 1 1 1 0 0 1 0 0 0 0 0 
1 0 0 1 1 0 0 1 0 1 1 0 0 1 1 1 0 1 0 0 0 0 1 0 
1 0 1 1 0 1 1 1 1 0 0 0 0 1 0 0 1 0 1 0 1 0 1 0 
0 0 0 0 1 1 0 1 0 0 1 0 0 1 1 1 0 1 0 0 0 0 0 0 
0 0 1 0 0 0 0 0 1 1 1 1 1 1 0 1 0 0 1 1 1 1 1 1 
0 1 0 0 1 0 1 0 0 1 0 1 1 1 1 0 0 1 0 0 1 1 1 0 
0 1 1 1 0 0 1 1 0 1 0 1 1 1 1 0 1 1 1 0 1 0 0 1 
0 1 1 1 1 0 1 0 1 1 0 1 1 0 0 0 1 0 1 1 1 0 1 1 
0 1 1 1 0 0 1 0 1 1 1 0 1 1 0 0 0 0 0 0 1 0 1 1 
1 0 0 0 1 0 0 0 0 1 1 0 0 1 0 1 1 1 0 1 1 1 0 1 
0 0 0 1 1 1 0 0 1 1 1 1 1 0 0 1 1 1 1 0 0 1 0 1 
0 1 0 1 1 0 0 0 0 1 1 0 0 1 1 1 0 1 0 0 1 0 0 0 
1 1 1 1 1 0 0 0 0 0 0 1 1 0 1 0 1 0 0 0 0 0 1 0 
1 0 0 0 1 0 0 1 0 0 0 0 1 1 0 1 1 0 1 0 1 1 0 0 
1 0 1 1 0 1 0 1 0 0 0 0 0 1 0 0 0 0 0 0 0 1 1 1 
1 0 0 1 0 1 1 1 0 0 0 0 0 1 0 0 1 1 0 1 0 0 0 1 
0 1 1 0 1 1 0 1 0 0 0 1 1 0 1 0 1 1 1 1 0 1 1 0 
0 0 1 0 0 1 1 0 1 0 0 0 1 0 0 0 1 1 0 0 0 1 1 0 
0 1 0 1 0 0 0 0 0 0 0 0 1 0 0 0 1 0 1 0 1 1 0 0 
1 0 0 0 1 0 0 0 1 0 1 0 0 0 0 1 0 1 1 0 1 0 1 1 
1 0 1 0 0 1 0 0 0 1 1 0 0 1 0 1 0 1 0 1 1 0 1 0 
0 0 1 0 0 0 0 1 0 1 1 1 0 0 1 1 1 1 0 1 1 1 0 1 
0 1 1 1 1 1 1 1 0 0 1 1 1 1 0 0 0 0 1 0 0 0 1 0 
1 0 1 1 0 0 1 0 1 1 0 0 1 1 1 1 1 0 1 1 1 1 0 1 
0 1 1 1 0 1 1 0 0 1 0 0 1 0 0 0 1 1 0 0 1 1 1 1 
1 1 1 0 1 0 0 1 0 1 1 0 0 0 1 0 0 0 1 1 0 0 0 0 
1 1 0 1 0 0 0 0 0 1 1 1 0 1 0 0 1 1 1 0 0 0 1 1 
1 1 1 1 1 1 1 0 1 1 1 0 0 0 0 1 0 1 0 1 0 1 0 1 
1 1 1 0 0 0 1 0 1 0 1 0 0 1 1 1 1 1 1 1 1 1 1 1 
1 1 0 1 1 0 1 1 1 0 0 0 1 0 0 1 0 1 1 0 1 1 0 1 
1 1 0 1 0 1 1 0 1 0 1 0 0 1 0 1 0 1 1 0 1 0 1 0 
1 0 1 0 0 0 1 1 0 1 1 1 1 0 1 0 0 0 1 0 1 0 1 1 
0 1 0 1 1 1 1 1 1 1 0 0 0 0 1 1 1 0 0 1 0 1 1 0 
0 1 1 0 1 0 1 1 1 1 0 1 1 1 1 0 1 0 0 0 1 0 1 0 
0 1 1 0 0 0 0 1 1 1 1 0 0 0 1 1 1 1 0 1 1 1 1 1 
0 1 0 0 1 0 1 0 1 0 0 1 1 1 1 1 0 0 1 1 0 1 1 0 
0 1 0 1 0 0 1 0 1 1 0 1 1 0 1 1 1 0 1 0 0 1 0 0 
0 0 1 1 1 1 0 1 0 1 1 1 1 0 1 0 1 1 1 0 0 0 0 1 
1 0 1 1 0 1 0 0 1 0 1 0 1 0 0 1 0 1 1 0 0 1 0 1 
1 1 1 1 1 1 1 0 1 0 1 0 0 0 0 1 0 0 0 1 1 0 1 0 
0 1 1 1 1 0 0 1 1 0 1 1 0 1 1 0 1 0 1 1 1 1 0 0 
0 0 1 1 1 0 1 0 1 1 1 1 0 0 1 1 0 0 1 0 0 0 0 1 
1 0 0 0 0 1 0 0 0 0 1 1 1 0 1 0 0 1 0 1 0 0 0 1 
0 0 0 1 0 0 1 0 0 1 1 0 0 1 1 1 1 1 1 1 0 0 1 1 
0 0 1 1 0 1 1 0 0 0 0 1 0 1 0 1 1 1 0 0 1 1 0 1 
1 0 0 0 1 1 1 0 0 1 0 1 1 1 0 1 1 0 0 0 1 0 1 0 
0 0 1 1 0 0 0 1 1 0 1 0 1 0 1 1 0 0 1 1 0 0 1 0 
1 1 0 0 1 0 1 1 0 0 0 1 1 1 1 1 0 1 0 0 1 0 0 0 
1 0 0 0 1 1 1 1 0 1 1 0 0 1 0 1 1 1 1 1 0 0 0 1 
0 1 0 0 1 0 1 1 0 1 1 0 0 0 0 0 1 0 1 0 0 0 0 1 
0 1 0 1 0 1 0 1 0 0 1 0 0 0 0 1 0 1 1 0 1 1 1 1 
1 0 1 0 0 1 0 1 1 0 0 0 0 1 0 1 0 1 1 0 0 0 1 0 
1 0 1 1 0 1 0 1 0 0 1 1 1 0 1 0 0 0 0 0 0 0 1 1 
0 0 1 0 1 1 0 1 1 0 1 1 0 1 1 0 0 0 1 0 0 1 1 0 
1 0 0 0 0 1 1 1 1 1 0 1 1 1 0 0 1 0 0 0 0 0 1 0 
0 1 0 0 1 0 1 0 1 1 0 1 0 1 1 0 1 0 0 1 0 1 0 0 
1 0 0 1 0 1 1 1 1 1 0 0 0 1 0 1 0 0 0 0 1 0 0 0 
1 0 1 0 1 1 0 0 0 0 0 1 1 1 1 1 1 1 1 0 1 0 1 0 
1 1 1 1 0 1 1 0 0 0 0 1 1 0 0 1 1 1 0 1 1 0 0 1 
1 1 1 1 1 0 1 1 1 0 0 0 0 0 1 0 1 1 1 0 0 1 0 1 
0 1 1 0 1 0 0 0 1 0 1 1 1 1 1 0 0 1 0 1 1 0 0 0 
0 1 0 0 0 1 0 1 0 1 1 1 1 0 0 0 1 0 1 1 0 0 0 0 
0 0 1 1 0 1 1 0 0 1 1 0 0 1 1 1 0 0 0 0 0 0 0 0 
0 0 0 0 1 1 1 1 1 0 1 0 1 0 1 0 0 0 0 1 1 0 1 1 
0 0 1 0 0 0 0 1 0 1 1 1 1 1 1 0 1 1 0 0 0 1 1 1 
0 0 0 1 1 1 1 1 1 1 0 0 1 0 1 1 1 0 1 1 0 1 1 1 
1 1 1 0 1 1 0 1 1 1 0 0 1 0 0 1 0 1 0 1 1 0 1 0 
1 1 1 0 1 1 0 1 1 1 1 0 1 0 0 0 0 0 1 1 0 0 1 0 
0 1 0 0 1 0 0 0 0 0 0 0 1 0 1 0 1 1 0 1 1 1 1 0 
0 0 0 0 1 1 1 1 1 0 1 1 0 0 0 1 1 1 0 0 0 0 1 0 
0 0 0 0 0 1 1 0 1 1 1 0 0 0 0 0 0 1 1 0 1 0 0 0 
1 0 1 0 1 0 1 1 1 1 1 1 1 0 0 0 1 0 0 0 1 1 0 1 
0 1 1 0 0 0 0 0 1 0 0 0 1 0 1 0 1 1 0 1 0 1 1 0 
1 1 1 0 1 1 1 1 0 1 1 1 0 0 1 0 0 0 0 1 1 1 0 0 
0 0 1 0 0 0 1 1 1 0 0 0 1 1 0 1 0 0 1 1 0 0 1 0 
0 1 1 1 0 1 0 0 1 0 1 0 1 1 1 1 1 1 1 1 0 1 1 0 
1 0 0 0 1 1 0 0 1 0 0 0 1 0 1 1 1 1 0 0 0 0 1 0 
1 1 0 1 0 1 0 0 0 0 1 1 0 0 0 0 1 0 0 0 1 1 0 0 
0 0 0 0 0 0 1 1 0 1 1 1 1 0 1 1 0 1 0 0 1 1 0 1 
1 1 0 1 0 0 0 0 0 0 1 0 0 1 1 0 0 0 1 0 1 0 0 1 
0 0 0 1 1 1 1 1 1 1 1 1 1 1 0 0 0 0 1 1 0 0 1 0 
1 0 1 1 0 0 0 1 1 1 1 0 1 0 0 0 0 1 1 0 1 1 1 1 
1 0 0 1 1 0 0 0 1 1 0 0 0 0 0 1 1 1 1 0 1 0 0 0 
0 1 1 0 0 0 0 0 1 0 1 1 0 0 0 1 0 1 1 0 0 1 1 1 
0 0 1 0 1 1 1 1 0 1 1 1 1 0 1 1 1 1 1 1 0 1 0 1 
0 0 1 0 1 1 1 0 1 1 1 0 1 0 0 1 0 1 1 0 0 0 1 0 
1 1 1 0 0 1 0 0 1 1 1 1 1 1 1 0 0 0 0 1 0 0 1 1 
1 1 0 0 1 1 0 0 1 1 1 1 1 0 0 0 1 0 1 0 1 0 0 1 
0 0 1 0 1 0 0 0 1 0 0 1 0 1 0 1 1 1 1 1 1 1 1 0 
1 1 0 0 0 1 0 0 0 0 1 1 0 0 1 0 1 0 1 0 1 1 1 1 
1 1 1 0 0 1 0 1 0 1 1 1 1 0 0 0 1 0 1 0 1 0 0 0 
0 0 0 1 1 1 0 0 1 0 0 1 1 1 1 1 1 1 0 0 1 0 1 1 
1 0 1 0 1 1 1 0 0 0 0 0 0 1 1 1 0 1 1 0 1 0 0 1 
0 0 1 0 0 1 0 1 0 0 0 0 0 0 1 1 1 0 1 0 0 1 1 0 
1 1 0 1 0 1 0 0 0 1 1 1 0 0 1 1 1 1 1 0 1 1 1 0 
1 0 1 0 0 1 1 1 1 0 0 0 1 0 1 1 1 1 1 1 1 1 0 0 
0 1 0 0 1 0 1 0 0 0 1 0 0 0 1 1 1 0 1 0 1 1 0 1 
0 0 1 0 0 1 1 0 1 0 0 1 0 0 1 0 1 0 0 1 1 1 1 0 
1 1 1 0 1 1 1 0 0 0 1 1 0 0 1 0 0 1 0 0 0 0 0 0 
1 1 0 0 1 0 1 1 0 1 0 0 0 0 1 0 1 0 1 1 0 1 1 1 
0 1 0 0 0 0 1 0 0 1 0 0 0 1 0 0 0 0 1 1 0 0 0 1 
0 0 1 0 0 0 1 0 1 1 0 1 1 1 0 1 0 0 0 0 1 0 1 0 
0 1 1 1 1 1 0 1 1 0 1 0 0 1 1 0 0 0 0 0 1 1 1 1 
0 1 0 1 0 0 0 1 0 1 0 1 1 1 1 1 0 1 0 0 1 1 1 0 
1 0 1 0 0 1 0 0 1 1 0 1 0 0 0 0 1 0 0 1 0 1 1 1 
0 0 0 0 0 1 0 1 0 1 0 1 0 0 0 1 0 0 1 0 1 0 0 1 
0 1 0 1 0 1 0 0 0 0 0 1 1 1 1 1 0 0 1 0 0 0 1 0 
1 1 1 1 0 0 1 1 1 1 0 0 0 1 1 0 0 1 0 1 0 1 0 0 
0 0 0 0 0 0 1 1 1 0 0 1 1 1 1 1 0 0 0 0 1 0 1 1 
1 0 0 1 0 1 0 1 1 1 1 1 1 0 1 0 0 0 0 0 1 0 0 1 
1 1 1 1 0 0 1 0 1 0 0 0 1 0 1 1 0 1 0 1 0 0 1 1 
0 1 0 0 0 1 1 0 0 1 1 1 0 1 0 0 0 0 0 0 0 1 1 1 
1 0 0 1 0 1 0 0 0 0 1 1 0 0 0 1 0 1 1 0 0 0 1 1 
0 0 0 1 0 0 1 1 1 1 0 1 0 0 0 1 0 0 0 1 0 1 1 1 
0 0 0 0 1 1 0 0 1 0 1 1 1 1 0 1 1 1 0 0 1 0 0 0 
0 0 1 1 0 0 1 0 0 1 1 0 1 1 1 1 0 0 1 0 0 1 1 0 
1 1 1 0 0 0 1 0 0 1 0 1 1 1 1 1 0 1 1 0 1 0 1 0 
1 0 0 1 0 0 0 0 1 1 0 1 0 1 1 1 1 0 1 0 0 0 1 1 
0 0 1 1 0 1 1 1 0 1 0 0 1 1 1 0 1 0 0 0 0 1 1 0 
0 1 1 1 1 0 0 1 1 0 1 0 0 1 1 0 1 0 1 1 1 1 0 0 
0 1 0 1 1 0 1 0 0 0 1 0 0 0 1 1 0 0 1 1 1 1 0 1 
1 1 0 1 1 0 1 1 0 1 1 0 0 0 1 0 0 1 1 0 1 1 1 0 
1 0 1 0 1 0 0 1 0 0 0 1 0 0 1 1 1 0 0 1 0 1 0 1 
0 1 0 1 1 1 0 0 1 0 0 1 1 0 0 1 1 1 1 0 1 0 0 1 
1 0 0 1 1 0 0 1 1 1 1 0 0 1 1 0 0 1 1 0 0 1 1 1 
1 0 0 1 0 1 0 0 0 1 1 1 1 0 0 0 1 0 0 1 1 0 0 1 
1 1 0 0 1 1 0 0 0 1 1 1 1 1 1 1 1 1 0 0 1 1 1 0 
0 0 1 1 1 0 1 0 1 1 0 0 1 1 1 0 0 1 0 1 1 0 0 0 
1 0 1 1 0 0 0 0 1 0 0 0 0 1 0 1 0 0 1 0 1 1 1 0 
0 0 0 0 1 1 0 0 0 0 1 0 0 0 0 0 0 1 1 1 0 0 1 1 
0 1 0 1 0 0 0 1 0 0 0 0 0 1 1 1 1 0 0 1 1 1 1 0 
1 0 0 1 0 1 1 0 1 1 1 0 1 0 1 0 1 0 1 1 1 0 0 1 
1 0 1 1 0 1 0 0 1 1 0 1 0 1 1 0 1 1 1 0 0 1 1 0 
0 1 1 1 1 0 0 1 1 0 1 0 0 0 1 1 0 0 0 1 0 0 0 0 
1 1 1 0 0 1 1 1 1 0 1 1 1 1 1 0 0 1 0 1 0 1 0 1 
1 1 1 0 0 0 0 1 1 1 1 1 0 0 1 1 1 1 1 1 1 1 1 0 
1 1 0 0 0 0 0 1 1 0 1 1 0 1 1 1 1 1 0 0 0 0 1 0 
1 1 0 0 0 1 0 0 0 1 1 0 1 0 0 1 1 1 1 1 1 1 1 0 
0 1 0 1 0 1 0 0 0 1 0 1 0 1 1 0 1 0 0 0 1 0 1 1 
1 0 1 1 1 1 0 0 1 0 1 1 1 1 0 0 0 1 1 1 0 0 1 0 
1 0 1 1 0 1 1 0 0 1 1 1 1 0 0 1 0 1 0 0 1 0 0 1 
0 1 0 1 0 0 0 1 0 0 0 0 1 1 0 0 0 0 1 1 1 1 0 1 
1 1 1 0 1 1 0 1 0 0 0 0 0 1 1 0 1 1 0 1 1 0 0 0 
1 0 1 1 0 0 0 1 1 1 0 1 0 1 0 1 0 0 1 0 0 1 1 1 
1 0 1 0 0 1 0 1 1 1 0 1 0 0 1 0 0 0 0 0 0 1 1 1 
0 1 1 0 1 0 0 1 1 0 0 0 0 0 0 0 0 0 1 0 0 0 1 0 
1 1 0 0 0 1 1 0 0 0 1 0 1 1 0 0 0 1 1 0 0 0 0 1 
1 0 1 0 0 0 1 0 1 0 0 1 0 1 0 1 0 1 0 0 1 0 0 0 
1 1 0 1 0 0 1 0 0 0 1 1 1 1 1 0 0 1 1 0 0 0 1 1 
0 1 1 1 1 0 1 0 1 1 1 1 0 1 0 0 1 0 1 1 0 1 0 0 
1 0 0 1 0 0 0 1 1 0 1 0 0 1 0 1 0 0 0 1 1 1 0 0 
1 0 0 1 1 1 1 0 1 0 1 1 1 0 1 0 0 1 1 1 1 0 0 0 
1 0 0 1 0 1 0 1 1 0 1 1 0 1 1 0 0 0 1 1 0 0 1 1 
1 0 1 1 0 0 0 0 1 1 0 0 0 1 1 0 0 0 0 0 1 1 1 0 
0 0 1 1 0 0 0 0 1 0 1 1 1 1 0 0 1 1 0 0 0 0 1 1 
0 1 0 0 0 0 0 0 1 1 0 1 1 0 1 0 1 1 0 0 0 0 1 1 
1 0 0 0 1 0 0 0 0 1 1 1 1 1 1 0 1 1 0 1 0 0 0 0 
0 1 0 1 0 0 1 1 1 1 1 0 0 1 0 1 1 0 0 1 0 0 1 1 
1 1 1 1 0 0 0 1 1 1 0 0 0 1 0 0 1 0 1 1 1 1 0 0 
1 1 0 1 0 1 1 0 1 1 1 1 1 1 0 1 0 0 0 1 1 1 0 1 
1 1 0 0 1 0 0 0 0 1 1 1 1 1 1 1 0 0 1 0 1 1 0 0 
1 0 1 0 1 0 1 0 1 0 1 1 1 0 0 0 0 1 1 0 0 0 1 0 
0 0 1 1 1 1 1 0 1 1 0 0 1 0 0 0 1 0 0 0 1 1 0 0 
0 1 1 0 0 1 0 1 1 0 0 1 0 1 0 1 0 1 1 1 0 1 1 0 
0 1 1 1 0 1 1 0 1 0 0 0 0 0 1 0 1 1 0 0 0 1 1 0 
1 1 0 0 1 0 0 1 1 1 1 0 0 1 1 1 1 1 0 1 1 1 1 0 
1 1 0 1 1 1 1 0 1 0 0 0 1 0 1 0 1 1 1 0 1 1 0 0 
1 0 0 0 0 1 0 1 0 1 1 1 1 1 1 1 1 0 1 0 0 1 1 1 
0 1 1 0 1 1 1 1 0 1 0 1 1 0 0 0 1 0 1 1 0 0 1 1 
1 1 0 0 1 1 0 1 0 0 1 1 1 1 1 1 1 0 0 0 0 0 1 0 
0 1 1 1 0 0 0 1 1 0 1 1 1 0 0 0 1 0 0 0 1 1 1 1 
1 0 0 1 0 1 0 1 0 1 0 0 1 1 0 1 1 1 1 0 0 0 1 0 
1 0 0 0 1 0 1 0 1 0 0 1 1 1 1 1 1 1 1 0 1 0 0 1 
0 1 0 0 0 0 1 1 0 0 1 1 1 0 0 1 0 1 1 0 1 0 0 0 
1 0 0 1 1 0 0 1 1 0 1 0 0 0 0 0 0 0 1 0 0 1 0 0 
0 0 0 0 1 1 1 1 1 1 1 1 1 0 1 1 1 0 0 0 1 0 0 0 
0 0 0 1 0 1 1 0 0 0 0 0 0 0 1 1 1 1 1 0 1 1 1 0 
1 0 1 0 0 1 0 1 1 1 1 0 0 1 0 0 1 0 1 0 0 1 0 1 
0 0 1 0 1 0 0 1 0 0 0 1 0 1 0 1 0 0 0 1 1 1 1 1 
0 1 1 1 0 0 1 1 1 0 0 1 0 1 1 1 1 0 0 0 1 1 1 1 
1 0 0 1 1 0 1 1 1 0 1 1 1 1 1 0 0 1 0 0 1 1 0 1 
1 0 1 0 1 1 1 0 1 1 0 0 0 0 1 0 1 1 1 0 1 1 0 1 
1 1 1 1 0 1 0 1 1 1 0 1 0 0 1 0 0 0 1 1 1 1 0 0 
0 1 0 1 0 1 1 1 0 1 0 0 1 1 1 1 1 0 1 1 1 0 0 1 
1 1 0 1 1 0 0 0 0 0 1 0 0 1 0 1 1 1 1 1 1 1 0 1 
1 1 1 1 0 0 0 1 0 0 1 0 0 0 1 1 0 1 1 1 0 0 1 1 
0 0 1 0 1 1 0 1 1 0 1 0 0 0 1 0 1 0 0 0 0 0 1 0 
0 0 0 1 0 1 1 0 1 0 1 0 0 0 1 0 1 0 1 1 1 1 0 1 
1 0 0 0 1 1 1 0 0 0 1 0 1 0 1 1 1 1 1 0 1 1 0 1 
0 0 1 0 1 0 1 1 1 0 1 0 1 0 0 0 0 1 1 1 0 1 0 0 
0 0 1 1 1 0 0 1 0 1 1 1 0 1 0 0 1 0 0 0 1 0 0 0 
0 1 1 1 1 1 1 1 0 1 0 1 0 0 1 0 1 1 1 0 1 0 0 0 
0 1 0 0 0 1 1 1 0 1 1 1 0 0 0 1 0 0 0 0 0 1 0 1 
1 0 1 1 1 0 0 0 0 0 1 0 0 0 1 1 0 1 1 0 1 0 1 0 
1 1 0 1 1 0 1 1 1 0 1 1 0 1 1 1 0 0 0 0 0 0 0 1 
0 1 0 0 1 1 0 1 0 0 1 1 0 1 1 0 1 0 0 0 1 0 0 1 
0 1 1 1 0 0 1 1 1 0 1 1 0 0 1 1 0 1 0 0 0 0 1 1 
0 0 0 0 0 0 0 1 1 1 1 0 0 0 1 0 0 0 1 1 1 1 0 0 
0 1 0 0 1 0 0 1 0 0 0 0 1 1 1 0 1 0 0 1 0 0 1 1 
1 0 1 0 1 1 0 1 1 1 1 0 0 1 1 0 0 1 0 1 0 1 1 0 
1 1 0 0 0 1 0 0 0 1 0 0 1 0 0 0 1 0 0 1 1 1 0 0 
1 1 0 1 1 1 0 1 1 0 1 0 1 0 1 0 0 0 1 1 0 1 0 1 
1 0 0 1 1 1 0 0 1 0 0 0 1 0 1 1 0 0 0 0 1 0 0 0 
0 0 0 0 0 1 1 1 1 1 0 0 0 1 0 1 1 1 0 0 0 1 1 1 
1 0 1 1 1 1 1 0 1 1 0 1 1 1 0 1 1 1 0 0 1 0 1 0 
1 1 0 1 1 0 0 1 1 0 0 1 0 1 0 1 1 0 1 1 0 1 1 0 
0 1 0 0 1 1 0 1 1 0 0 1 0 1 0 0 0 0 1 1 1 1 0 0 
1 1 1 1 1 1 1 1 0 0 1 1 0 0 0 0 1 1 0 1 1 0 0 1 
0 0 0 1 0 0 0 0 0 0 0 1 1 1 0 0 0 0 0 0 0 1 0 0 
0 1 0 1 1 1 1 0 1 0 0 0 1 1 0 0 0 0 0 1 0 1 0 0 
1 1 1 1 0 0 1 1 1 1 0 1 1 1 1 0 0 0 0 0 1 1 0 1 
0 0 0 1 0 1 0 1 0 0 1 1 0 1 1 0 0 0 0 1 0 0 0 1 
0 1 0 1 0 0 1 1 0 0 0 0 1 1 0 1 0 0 1 0 1 0 0 0 
1 0 1 1 1 1 1 0 0 1 1 1 1 1 0 0 1 1 0 0 1 0 0 0 
0 0 0 0 1 1 1 1 0 1 0 1 1 1 1 1 0 0 1 0 0 0 0 0 
1 1 0 0 1 1 1 1 0 0 1 1 0 1 0 0 1 1 1 1 1 0 0 0 
0 0 1 1 1 1 0 1 0 1 0 1 0 0 1 0 1 0 1 0 0 1 1 1 
0 0 1 1 0 1 1 0 1 1 1 0 1 1 1 1 1 1 0 1 0 1 0 0 
0 0 0 0 0 0 0 0 1 0 1 1 0 1 1 0 0 1 1 0 1 1 1 1 
1 1 1 0 1 0 1 1 0 0 1 1 1 1 0 1 1 0 0 0 1 1 0 0 
1 0 1 1 1 0 0 1 0 1 1 0 1 0 0 1 0 1 1 1 0 1 0 1 
0 1 1 0 0 1 1 0 0 1 1 1 0 1 1 0 1 0 0 0 1 1 0 1 
0 0 0 0 0 1 0 0 0 1 0 1 1 1 0 1 0 1 1 0 0 0 0 0 
1 0 1 1 1 1 0 1 1 1 1 0 0 0 0 1 1 1 1 0 1 1 0 1 
1 1 1 0 0 1 0 1 1 1 1 0 0 1 1 1 0 1 1 1 1 1 1 0 
0 0 0 0 1 0 1 1 1 1 1 1 1 0 1 0 1 0 1 0 1 1 1 0 
1 0 1 0 0 0 1 1 0 1 1 0 1 1 0 0 0 0 0 0 0 0 1 1 
1 0 1 0 1 1 0 0 0 1 1 1 0 0 1 0 1 1 0 0 1 0 0 0 
0 0 1 0 1 1 1 1 0 1 1 1 0 0 0 0 0 0 0 1 0 0 1 0 
1 1 1 0 0 0 0 0 0 1 0 1 1 0 0 0 0 1 1 0 0 1 0 1 
0 0 0 1 1 1 0 0 0 0 1 1 1 1 0 0 1 1 1 1 1 1 1 0 
0 1 0 1 1 0 0 0 1 0 0 0 1 1 0 1 0 0 1 0 1 1 0 1 
0 1 0 0 1 0 0 0 1 0 1 0 0 0 0 1 0 1 1 0 1 0 1 0 
1 0 1 0 0 0 0 1 0 0 1 0 0 1 1 1 0 1 0 0 0 1 0 0 
0 0 0 0 1 1 1 0 0 1 1 1 0 1 1 1 0 1 0 1 0 0 0 0 
0 1 1 1 0 0 0 0 1 1 1 0 1 1 1 1 0 1 1 0 1 0 1 1 
1 0 1 0 1 1 0 1 0 0 0 1 1 0 1 1 0 1 0 1 1 0 0 0 
1 1 0 0 0 0 1 1 1 1 1 1 1 1 0 0 1 1 1 1 1 0 0 0 
1 1 1 1 1 1 0 1 0 0 1 1 1 1 1 1 0 1 0 0 0 1 1 1 
0 1 0 0 1 0 0 1 1 1 1 0 1 1 0 0 1 1 1 0 1 0 1 1 
0 1 0 1 0 1 1 1 1 0 1 0 1 1 1 1 0 1 1 0 0 0 1 1 
1 1 0 0 1 0 1 0 1 0 0 1 1 1 0 1 0 0 0 0 0 1 1 0 
0 0 0 1 1 0 0 0 1 0 1 1 0 0 1 0 0 0 0 0 1 0 1 0 
0 1 1 1 1 1 0 0 0 0 0 1 0 1 0 0 0 1 1 0 0 1 0 0 
0 0 0 1 1 0 1 1 0 0 0 0 0 0 1 0 0 0 1 1 1 0 1 0 
1 1 1 0 1 0 0 0 0 1 1 1 0 0 1 1 0 1 0 0 1 1 0 1 
0 0 0 1 0 1 0 0 0 0 1 0 0 1 0 1 1 0 1 1 1 1 0 0 
1 0 1 0 0 1 1 1 1 1 1 1 1 0 0 0 1 1 0 1 0 1 0 1 
0 1 0 1 1 0 1 1 1 1 0 1 1 0 0 1 0 1 1 1 1 1 0 1 
0 0 0 1 1 1 0 0 1 0 0 0 1 1 1 1 0 0 1 0 1 1 1 1 
1 1 1 1 0 1 0 0 1 0 1 0 0 0 1 1 1 1 1 1 1 1 1 0 
0 1 0 1 1 1 1 1 0 0 0 0 0 1 0 0 1 1 0 0 1 1 0 1 
0 1 1 0 1 0 0 1 0 0 0 1 0 1 1 0 1 0 1 1 0 1 1 1 
1 1 1 0 0 0 0 0 1 0 0 1 1 1 1 0 1 1 1 0 0 0 1 0 
0 0 1 0 1 1 0 0 0 1 1 1 1 1 0 1 1 0 1 1 1 0 1 0 
1 0 1 0 1 0 1 1 0 1 1 0 1 0 1 0 1 0 0 0 1 1 0 0 
1 0 0 0 1 1 0 0 0 0 0 0 1 0 1 0 1 1 0 1 0 1 1 0 
0 0 1 0 0 0 0 1 1 1 1 1 1 0 1 0 0 1 1 0 1 0 0 1 
0 0 0 0 1 0 1 0 0 1 0 1 1 0 1 1 1 0 1 1 0 1 1 0 
0 1 1 1 1 0 1 0 0 1 1 1 0 1 0 1 1 1 0 1 0 0 0 0 
0 1 1 0 0 0 1 0 0 1 1 0 1 1 0 1 0 0 1 1 0 1 0 1 
0 1 0 0 0 0 0 0 1 1 1 0 1 1 0 0 1 0 1 1 1 0 0 1 
0 0 0 0 0 0 1 0 1 1 0 0 0 1 0 1 0 0 0 0 0 0 1 0 
0 0 0 1 0 0 0 1 1 1 0 1 0 0 0 1 0 0 0 0 0 0 1 0 
1 0 1 0 0 0 1 0 1 0 1 0 1 1 0 1 0 0 0 0 0 0 0 0 
1 1 1 1 1 0 1 0 1 1 1 0 1 1 0 0 1 1 0 0 0 1 0 1 
1 1 1 1 1 0 0 1 0 0 0 1 1 1 1 0 0 0 1 0 0 1 0 1 
0 1 1 0 0 0 1 0 1 0 0 0 1 1 1 1 1 1 1 1 0 0 0 0 
1 1 0 1 1 0 1 0 1 0 1 0 1 0 0 1 0 0 0 1 0 1 0 0 
1 0 0 0 0 1 0 1 0 0 0 0 0 1 0 0 0 1 1 0 1 1 1 0 
1 0 1 0 1 1 1 1 0 0 0 0 0 0 1 1 0 0 1 0 1 0 1 1 
1 1 1 0 0 0 0 0 1 1 0 1 0 1 1 0 1 1 0 0 1 1 0 1 
0 1 0 0 0 0 1 1 1 1 1 0 1 1 1 1 1 1 1 0 1 0 0 0 
0 0 1 0 0 0 1 1 1 1 0 1 1 0 1 0 1 0 0 1 0 1 1 1 
0 0 0 1 1 0 1 0 1 0 0 0 0 1 0 0 0 0 1 1 1 0 1 1 
0 1 0 0 0 1 1 0 1 1 0 0 1 0 0 1 0 1 0 1 1 0 0 0 
0 1 0 1 1 1 1 1 1 0 1 1 1 0 0 1 1 1 0 1 0 0 0 0 
0 1 0 1 1 0 0 0 1 0 0 0 1 1 1 0 1 1 1 1 0 1 1 0 
0 1 0 1 1 0 0 0 0 0 1 0 0 0 0 0 1 0 1 0 1 0 1 0 
0 0 0 1 0 1 1 1 0 1 1 0 0 0 0 1 1 0 0 0 0 0 0 1 
0 0 1 0 1 1 1 1 1 1 0 1 0 1 0 1 0 1 0 0 1 1 0 1 
0 1 0 0 0 0 1 1 1 0 0 1 0 0 0 1 0 1 1 0 1 1 0 1 
1 0 1 1 0 0 1 1 0 0 0 0 0 0 1 0 1 1 1 1 0 0 0 1 
0 1 0 1 1 1 0 0 1 0 1 0 0 1 0 1 0 1 1 1 1 0 1 1 
1 1 1 0 0 0 0 1 1 1 1 1 0 1 1 0 0 0 0 0 1 0 1 1 
0 1 0 0 1 1 1 1 0 1 1 0 0 0 0 1 0 0 1 0 1 0 0 0 
0 1 0 0 1 0 1 0 0 1 1 0 1 0 1 0 0 0 0 0 1 1 1 1 
0 0 1 0 1 1 0 1 1 1 0 1 1 0 1 0 0 0 1 1 0 1 1 1 
0 1 0 0 1 1 0 0 1 0 0 0 0 1 1 0 0 1 1 1 0 1 1 1 
1 1 0 0 0 0 1 1 0 1 0 1 0 0 0 1 0 1 0 1 0 1 0 0 
1 0 0 0 0 1 1 0 1 0 1 0 1 0 0 0 1 0 1 1 0 0 0 0 
0 1 0 1 0 0 1 0 1 0 0 0 0 0 1 0 1 1 0 0 0 1 0 1 
1 1 1 0 0 0 0 1 1 0 0 0 1 1 1 1 0 0 1 1 0 1 1 1 
0 1 1 1 0 1 1 1 1 1 1 0 1 0 1 0 0 0 1 0 0 0 0 0 
1 1 0 0 1 1 0 1 1 1 0 0 0 0 1 0 0 1 1 1 0 1 1 0 
1 0 1 1 0 1 0 1 0 1 1 0 1 1 1 1 0 0 0 0 0 1 1 1 
1 0 0 0 0 1 1 0 1 1 0 0 1 0 1 0 1 1 1 1 1 1 1 0 
1 1 1 1 1 1 0 1 0 0 1 0 0 0 0 0 1 1 0 0 1 1 0 0 
0 0 1 1 0 1 1 1 0 1 0 1 1 1 0 1 1 0 0 1 1 1 0 1 
1 0 0 0 0 0 0 0 1 0 1 0 0 1 0 1 0 0 0 1 1 1 0 0 
0 1 0 0 0 1 0 1 1 0 0 1 1 1 1 0 0 0 1 1 1 0 0 1 
1 1 0 0 0 1 0 1 0 0 1 1 1 0 0 1 1 0 0 1 1 0 1 1 
1 0 0 0 1 1 0 1 1 0 0 1 0 0 1 0 1 0 1 0 0 1 0 0 
1 1 1 0 0 0 0 1 1 0 1 0 1 1 0 1 1 0 1 0 0 1 0 0 
0 0 0 1 1 1 0 1 0 0 0 1 1 0 1 1 0 1 0 0 1 1 1 0 
0 0 1 0 0 0 0 1 0 0 0 0 1 1 1 0 0 0 0 0 0 0 1 0 
0 1 0 0 0 1 1 1 0 1 0 1 1 1 1 1 0 0 0 1 1 1 1 0 
0 1 1 0 1 0 0 1 1 1 1 0 0 1 0 1 0 0 0 1 0 1 1 1 
1 1 0 0 0 1 1 1 1 0 1 0 1 0 1 0 1 0 0 0 1 0 1 0 
0 1 1 0 1 1 1 1 0 1 1 1 1 0 1 0 1 0 0 1 0 0 0 1 
1 1 0 1 0 1 0 1 1 1 0 0 0 0 0 1 0 0 0 0 0 0 0 1 
1 0 0 0 0 0 0 1 1 1 0 1 0 0 1 0 1 0 0 1 0 0 1 0 
0 1 0 1 0 0 0 0 1 0 0 1 1 1 1 1 1 1 1 1 1 0 1 0 
1 0 0 1 0 0 1 1 1 0 0 0 1 0 1 1 0 0 0 0 1 1 0 1 
1 0 1 1 1 0 1 0 1 1 1 0 1 1 1 0 1 1 0 0 1 0 0 1 
1 1 0 0 1 0 1 0 1 1 1 0 1 1 1 1 1 0 0 1 1 0 0 1 
1 0 1 1 1 1 0 0 0 0 1 1 1 0 1 1 1 0 0 1 1 0 1 1 
1 1 1 1 0 1 1 0 1 1 0 1 1 1 0 0 0 1 1 0 1 0 0 1 
0 1 1 0 0 1 1 0 0 0 0 1 1 0 0 0 1 1 0 1 0 1 0 0 
1 0 1 0 0 0 1 0 1 1 1 1 0 1 1 1 0 1 0 1 0 0 0 1 
1 0 1 1 1 1 1 1 1 0 1 1 1 0 0 0 1 1 0 0 0 1 0 0 
1 1 1 0 0 0 0 0 1 0 1 0 0 1 1 1 0 1 0 1 1 0 0 0 
1 1 1 1 1 1 1 0 1 0 1 1 0 0 1 1 0 1 1 1 1 1 0 0 
1 0 0 0 1 0 1 0 0 1 1 0 1 1 1 1 0 1 1 0 1 1 0 0 
1 0 1 1 0 1 0 1 0 0 1 0 1 1 1 1 1 1 1 0 1 0 1 0 
1 0 0 0 1 0 1 0 1 1 0 0 0 0 0 1 0 1 0 1 1 0 0 1 
0 0 1 1 0 1 1 1 1 0 0 0 1 0 1 0 0 0 0 0 0 1 1 0 
0 0 1 1 1 1 0 1 1 0 0 1 1 0 0 0 0 0 1 0 1 0 0 1 
0 1 0 1 0 0 0 0 0 0 0 0 1 0 0 1 0 1 1 0 0 0 0 0 
1 1 1 0 1 1 1 0 0 1 1 0 0 1 0 1 1 0 1 1 1 1 1 0 
0 0 1 1 0 0 1 1 1 1 1 0 1 1 0 1 1 1 0 1 0 0 0 1 
0 0 1 0 1 1 0 1 0 0 1 1 1 1 1 1 0 0 0 0 0 0 0 0 
1 0 1 0 0 0 1 1 1 0 1 0 1 0 0 0 0 0 0 1 0 0 0 1 
1 1 1 1 1 0 1 0 0 1 1 1 1 1 0 0 0 0 0 1 1 0 0 0 
0 1 0 1 1 0 1 0 0 0 0 1 0 1 1 0 1 0 0 1 0 0 0 0 
0 1 1 1 1 0 0 0 1 1 0 0 0 0 0 1 0 0 0 0 0 1 1 1 
0 0 0 1 1 0 0 1 0 0 1 0 0 1 0 0 0 1 0 1 0 1 1 0 
0 1 1 1 1 1 1 1 1 1 0 0 0 1 0 0 1 1 0 0 0 1 1 0 
1 0 0 0 0 1 0 0 1 1 1 0 0 1 1 1 1 0 1 0 1 0 0 1 
1 0 1 0 0 1 1 0 0 1 1 1 1 0 0 1 1 1 1 0 0 0 0 0 
1 1 0 0 0 0 0 1 1 0 1 0 0 0 0 1 0 1 0 1 0 0 1 1 
1 1 1 0 1 0 0 0 1 0 0 1 0 1 0 0 0 1 1 1 1 0 1 0 
0 1 1 1 1 0 0 1 1 0 1 1 0 1 0 1 0 0 0 0 1 1 0 1 
0 1 1 0 1 0 0 1 1 0 1 1 1 0 0 0 0 1 1 1 0 0 0 0 
1 0 1 0 1 0 0 0 0 0 0 0 1 1 0 0 1 0 1 0 1 1 1 1 
1 1 1 1 0 1 0 1 0 0 1 1 0 0 1 1 1 1 0 0 1 0 0 0 
0 1 0 0 1 1 0 0 1 0 0 0 0 1 1 1 0 0 0 1 0 0 1 0 
1 1 1 1 1 1 0 1 0 0 0 1 0 1 1 1 1 0 1 0 1 0 1 1 
0 0 0 0 1 0 0 1 1 0 1 1 1 0 0 0 0 0 0 0 1 1 1 0 
0 0 0 0 1 1 0 1 1 1 0 1 0 1 0 1 0 1 1 0 1 1 0 1 
0 1 0 0 1 1 0 0 0 0 0 0 1 1 0 1 1 0 1 1 1 0 1 1 
1 0 0 0 1 1 0 1 0 0 1 1 0 1 1 1 1 1 1 1 0 1 0 1 
0 1 0 1 0 1 0 0 0 1 1 0 0 1 1 0 0 1 0 0 0 0 1 1 
0 1 1 1 1 1 1 0 1 0 0 1 1 1 1 1 0 1 0 0 1 1 1 0 
1 0 0 0 1 0 1 0 0 0 0 1 0 1 1 1 0 0 0 0 0 1 1 1 
0 1 1 1 1 1 0 0 1 0 0 1 1 1 1 1 1 1 0 1 0 1 0 1 
1 0 0 1 1 0 1 1 1 1 0 1 1 0 1 0 0 0 1 0 0 1 0 1 
1 0 0 0 0 0 1 0 0 0 1 0 0 1 1 0 1 0 1 0 1 0 1 0 
1 1 0 1 0 0 1 0 1 0 1 0 1 1 0 0 0 1 0 1 0 1 0 0 
0 0 0 1 1 1 0 1 1 0 0 1 0 0 1 1 1 1 0 1 1 0 1 1 
1 1 1 1 1 0 0 1 0 1 0 1 1 0 1 1 0 0 1 0 0 1 1 0 
0 1 0 1 1 0 0 1 0 1 1 0 0 0 0 1 0 1 1 0 0 0 0 1 
1 1 1 1 0 1 1 0 1 0 0 1 0 0 0 0 0 1 0 1 1 1 0 0 
1 1 1 0 1 0 1 1 0 0 0 1 1 1 0 0 0 0 0 0 0 0 1 0 
0 1 1 1 0 0 0 0 0 1 0 1 1 1 1 1 1 1 0 1 1 1 0 0 
1 1 0 1 0 1 1 0 1 1 1 1 1 0 0 0 0 0 1 0 1 0 1 1 
1 0 0 0 1 0 0 0 0 0 1 1 0 0 0 0 0 1 0 0 0 1 1 1 
1 1 0 0 1 1 1 1 0 0 1 0 1 1 0 1 0 1 1 0 0 0 0 0 
1 0 1 0 0 1 0 0 1 1 1 1 1 1 1 0 1 1 0 1 1 1 1 0 
0 0 0 1 1 1 0 1 1 1 0 1 1 1 0 0 1 0 1 1 0 1 0 0 
0 0 1 0 0 1 1 0 0 0 0 0 0 0 1 0 0 0 1 1 1 0 0 0 
0 1 1 1 0 0 1 1 0 0 1 0 1 0 0 1 0 1 1 0 0 0 1 1 
0 0 1 0 0 0 0 0 0 0 0 1 0 1 1 0 1 1 0 1 1 1 1 1 
0 0 0 0 0 1 0 0 0 0 1 1 1 0 1 1 1 1 0 0 1 0 1 1 
1 0 1 0 0 1 0 1 0 0 1 1 0 1 0 0 0 1 1 0 1 1 1 1 
0 0 0 1 0 1 0 1 0 0 1 1 1 0 1 0 0 1 1 0 1 0 0 1 
0 0 1 1 0 1 1 1 0 1 0 1 1 1 1 1 1 0 1 1 1 1 0 0 
1 0 1 0 1 1 0 0 1 1 0 1 1 1 1 0 1 0 1 1 0 0 1 1 
1 0 1 0 1 1 1 0 0 1 0 1 1 0 1 1 1 1 1 1 1 1 0 0 
1 1 1 0 0 1 1 0 1 1 1 0 1 0 1 1 1 0 1 0 0 0 0 0 
1 0 1 1 0 1 0 0 0 0 0 0 1 1 1 1 0 1 1 0 0 1 0 0 
0 1 1 0 1 1 1 0 1 1 1 1 0 0 1 1 0 1 0 0 0 1 1 1 
0 1 0 1 0 0 0 1 0 1 0 1 1 0 1 0 0 0 0 0 0 0 0 1 
1 0 1 0 1 0 0 0 1 1 1 1 1 1 0 0 1 1 0 1 1 1 1 0 
1 1 0 1 0 1 0 0 1 1 0 0 1 1 0 1 0 1 0 0 1 1 1 0 
0 1 0 1 0 0 0 0 0 0 0 1 0 0 1 1 0 1 0 0 1 0 1 1 
1 0 1 0 1 0 0 1 1 0 1 1 0 0 0 1 0 0 0 1 0 1 1 1 
1 1 0 0 0 0 1 0 0 0 1 0 1 0 1 0 0 1 1 1 0 0 1 1 
1 1 1 0 1 1 0 0 1 1 0 1 0 0 0 1 1 1 0 1 0 1 1 0 
0 1 0 1 0 1 1 0 0 0 0 1 1 1 1 1 1 0 1 0 0 0 1 0 
1 1 1 1 0 1 1 1 1 0 0 0 1 1 1 0 0 1 1 1 0 1 0 0 
1 1 0 1 1 1 1 0 0 1 0 0 1 1 1 0 0 0 1 0 0 1 1 1 
0 1 0 1 1 1 1 1 1 1 0 0 0 1 1 1 0 0 1 1 0 0 0 0 
1 0 0 1 0 0 1 1 1 1 0 0 1 0 1 0 0 0 1 1 1 0 1 0 
1 0 0 1 1 0 1 0 1 0 1 1 1 1 1 0 1 0 0 0 0 1 0 0 
1 1 1 1 0 0 0 1 1 1 1 1 0 1 0 1 1 0 1 1 0 1 0 1 
0 0 0 1 1 1 1 1 0 0 0 1 1 0 1 1 0 0 0 1 0 1 1 1 
0 1 1 0 1 0 1 0 1 0 1 1 1 0 1 0 0 1 1 1 1 0 0 0 
1 0 1 1 0 0 1 1 1 1 0 0 0 0 0 0 0 0 1 1 1 1 0 0 
1 1 0 0 1 0 0 1 0 1 0 1 1 0 1 0 0 0 1 0 0 1 1 1 
1 1 1 1 0 0 1 1 1 1 0 0 0 0 0 0 1 0 0 1 0 1 0 0 
0 0 1 1 1 0 0 0 1 1 1 0 1 0 0 1 1 1 1 1 1 1 0 1 
1 0 1 1 0 1 0 1 0 1 0 0 1 1 1 0 1 1 1 1 1 0 0 1 
1 0 1 0 0 0 1 1 1 1 0 1 0 0 1 0 1 0 1 1 1 0 1 1 
1 1 0 1 0 1 1 1 1 1 0 0 0 0 0 1 0 1 0 0 0 1 1 1 
1 1 0 0 0 0 1 1 1 0 1 0 1 1 0 0 1 1 1 1 1 1 0 0 
0 1 1 0 1 0 1 0 0 0 0 0 0 1 0 1 1 1 1 0 1 0 0 1 
1 1 0 0 1 1 0 0 0 1 0 0 1 1 1 1 1 1 0 1 1 0 1 0 
1 0 0 1 0 1 1 1 0 1 0 1 0 0 0 1 0 1 0 1 0 1 0 1 
1 0 0 0 0 1 0 0 1 1 1 1 1 1 0 1 0 0 1 0 0 0 0 0 
1 1 1 1 1 1 0 0 0 1 1 1 0 1 0 0 0 0 0 1 1 1 0 0 
0 0 0 0 1 0 1 0 1 1 0 1 0 0 1 0 1 1 1 1 1 0 1 1 
1 1 1 1 1 1 0 0 1 1 1 1 0 0 0 0 1 1 1 1 1 0 1 0 
0 1 0 0 0 0 1 1 0 0 0 1 1 1 0 0 1 0 1 1 1 1 0 0 
0 1 1 0 0 0 1 1 1 0 1 0 1 0 1 1 0 1 0 1 1 1 1 1 
1 1 0 0 1 1 1 0 1 1 0 1 1 0 1 0 0 1 0 0 0 0 1 1 
0 0 1 0 0 1 1 1 1 1 1 0 0 1 1 0 1 1 0 0 0 0 0 0 
1 0 1 1 0 0 0 1 0 0 1 0 0 1 1 1 1 1 0 0 1 1 0 1 
1 1 0 0 1 1 1 1 0 0 1 0 0 0 1 0 1 1 1 1 1 1 0 1 
0 1 1 0 1 1 0 0 0 0 1 1 0 0 1 1 1 1 1 1 0 0 1 0 
0 0 1 0 1 1 0 1 0 0 1 0 1 0 0 0 0 1 0 0 0 0 1 0 
0 0 1 1 0 0 1 0 0 0 1 0 0 0 1 0 0 1 1 0 1 1 0 0 
0 1 1 1 1 0 1 0 1 0 1 0 0 0 0 0 0 0 0 1 0 1 0 1 
0 0 1 0 0 1 0 0 0 0 1 1 0 1 0 0 0 1 1 1 0 0 1 0 
1 0 1 1 1 1 1 0 1 0 1 1 0 1 1 0 0 0 0 1 1 1 0 1 
1 0 0 1 1 1 1 0 0 0 1 0 0 0 0 1 1 0 0 0 1 0 1 1 
0 0 0 1 1 0 1 0 0 0 0 1 1 0 0 1 0 0 0 1 0 1 0 0 
0 0 1 0 1 0 1 1 1 1 0 0 1 1 0 1 0 0 0 1 1 0 0 1 
1 0 0 1 1 1 0 1 1 0 1 0 0 1 1 1 1 0 1 0 0 1 0 0 
1 1 0 1 0 1 1 0 1 0 1 1 0 0 1 1 1 1 0 1 1 0 1 1 
0 0 1 1 0 0 1 1 1 0 1 1 1 1 1 1 1 0 0 1 0 1 1 0 
0 1 1 0 1 1 0 1 0 0 0 0 1 0 1 0 0 1 1 0 1 0 1 1 
1 1 0 0 0 0 0 0 0 1 1 0 0 1 0 0 0 0 1 1 1 1 1 0 
1 1 1 0 0 0 0 0 0 0 1 1 1 1 1 0 1 1 0 1 0 0 0 0 
1 1 1 0 1 0 0 1 1 1 0 0 1 1 1 0 0 1 1 1 0 1 1 1 
1 0 1 1 1 1 0 0 1 1 0 1 1 1 0 0 1 1 0 1 1 1 0 1 
1 1 1 1 1 1 1 1 1 1 0 1 0 0 0 1 1 0 1 1 0 0 1 0 
0 1 0 0 0 1 1 1 0 0 0 0 0 1 0 0 0 0 1 0 1 0 0 0 
0 0 0 1 0 1 0 1 1 1 1 0 1 1 1 1 1 0 0 1 1 0 0 1 
1 1 1 0 0 0 1 0 1 1 0 0 0 0 0 1 0 1 0 1 1 1 1 0 
0 1 0 0 1 0 1 0 1 0 0 0 0 1 1 0 0 1 0 0 0 0 0 0 
1 0 1 1 0 1 1 0 1 1 1 1 1 0 1 1 1 1 0 1 1 0 1 1 
0 0 1 0 1 1 0 1 1 1 0 1 1 0 1 0 0 1 1 0 0 0 0 0 
0 0 1 0 1 1 1 1 0 1 1 1 1 1 0 1 0 0 0 0 1 1 1 1 
1 0 0 0 1 1 1 0 1 1 0 0 0 1 0 0 1 1 0 1 0 1 1 0 
0 0 1 1 1 1 1 1 0 0 0 1 1 1 0 0 0 0 1 0 0 0 0 1 
0 0 1 0 1 1 1 1 1 1 1 0 1 1 0 1 0 0 1 1 0 0 0 1 
0 0 1 0 0 1 1 0 0 1 0 1 1 1 1 0 1 1 0 1 0 0 0 0 
0 1 1 0 1 0 1 0 0 1 1 1 0 0 0 0 0 0 1 1 0 0 1 1 
1 0 1 1 1 0 0 0 1 1 1 1 0 1 0 1 1 0 0 1 1 1 0 1 
0 1 0 1 1 0 0 0 1 0 0 1 0 1 1 1 1 0 1 0 0 0 0 1 
0 1 0 1 0 0 1 1 1 0 1 1 1 1 1 1 0 0 1 1 0 1 1 0 
1 0 1 0 0 0 1 0 0 1 0 1 1 0 1 1 1 1 0 0 0 0 0 0 
1 1 0 0 1 1 1 0 0 1 0 1 0 1 1 1 0 1 1 0 1 0 0 1 
0 1 1 1 0 0 1 1 1 1 1 1 0 1 0 1 1 0 1 1 0 0 0 1 
0 1 0 1 1 1 1 1 0 0 0 0 0 1 0 1 1 0 1 1 1 1 0 1 
1 1 1 0 1 0 0 1 0 0 1 1 0 0 1 1 0 1 0 1 1 1 0 0 
1 1 1 0 0 0 0 0 0 0 1 0 0 0 1 1 1 0 1 0 0 1 0 1 
1 0 1 1 0 1 1 1 0 1 0 1 0 1 0 1 1 0 1 0 0 1 0 1 
0 1 0 1 1 1 0 1 1 0 0 0 0 0 0 0 0 0 0 1 0 0 0 0 
1 1 0 0 1 0 1 0 1 0 1 1 1 1 1 1 1 0 0 0 0 0 0 0 
1 1 1 0 0 1 1 0 0 0 0 1 1 0 0 1 1 1 1 0 0 1 1 0 
1 1 1 1 0 1 0 0 0 0 0 1 1 0 1 0 0 1 0 0 1 1 1 0 
0 1 1 0 1 1 1 0 1 0 1 0 0 0 0 1 1 0 0 1 0 1 0 1 
1 1 1 0 0 0 0 1 0 0 1 1 0 0 1 0 1 1 0 1 0 1 1 1 
1 0 1 0 1 1 0 1 1 1 0 1 0 1 1 0 1 0 1 1 0 0 0 1 
0 0 1 0 0 0 1 1 0 1 1 0 1 1 1 1 1 1 1 1 1 1 0 1 
0 0 1 1 0 0 0 0 1 1 1 1 0 0 1 0 0 0 1 1 1 1 1 0 
0 1 0 0 0 1 1 1 0 1 1 0 0 1 0 1 0 1 0 0 0 0 0 0 
1 0 0 0 0 0 1 1 0 0 0 0 0 0 0 1 0 0 1 1 0 1 0 0 
1 1 0 0 0 1 1 1 0 1 0 1 1 0 0 0 0 0 1 1 0 1 1 0 
1 0 1 1 0 0 0 1 1 1 0 1 1 0 1 0 0 1 0 1 0 0 0 0 
0 0 0 0 0 1 0 0 0 0 1 1 0 0 0 0 1 1 0 1 0 1 0 0 
1 0 0 0 0 0 1 1 1 0 1 1 1 1 1 1 1 0 0 0 1 1 0 1 
0 0 1 0 0 1 1 1 1 0 1 0 0 1 0 1 1 1 0 0 0 1 0 1 
1 1 1 0 1 1 0 0 1 1 0 1 0 0 0 0 0 0 0 1 0 1 0 1 
1 0 0 1 0 1 0 0 1 1 0 1 0 1 0 1 0 0 0 1 0 0 1 1 
1 1 1 1 0 0 0 1 0 0 0 1 0 0 1 1 1 0 0 1 0 1 0 1 
1 0 0 1 1 0 0 1 1 0 0 1 0 1 0 0 0 0 0 1 0 0 1 0 
0 0 1 0 0 0 1 0 1 1 0 0 0 1 1 0 0 1 0 1 0 0 1 1 
0 0 1 1 0 1 0 0 1 1 0 1 1 1 0 1 1 1 0 0 1 1 0 0 
0 1 1 1 1 0 1 1 0 1 0 0 1 1 0 0 0 1 0 0 1 0 1 0 
0 1 1 0 1 0 1 1 0 0 1 1 1 1 0 0 1 1 1 1 0 0 0 0 
1 0 1 0 1 0 0 0 0 0 1 1 0 1 1 0 0 0 0 0 0 1 0 1 
0 1 0 1 1 0 0 0 0 1 1 1 0 1 1 1 0 1 1 0 0 0 1 0 
0 1 0 1 0 1 1 0 0 1 1 1 1 1 0 1 1 0 0 1 0 1 0 0 
0 0 1 1 1 0 0 1 1 0 0 0 1 0 0 1 1 1 1 1 0 0 0 1 
1 1 1 0 0 0 0 1 0 0 0 1 1 1 1 1 0 1 0 0 0 1 0 1 
1 1 1 1 0 0 1 0 1 0 0 1 1 1 0 1 1 1 1 1 0 0 1 1 
0 0 0 1 1 1 0 0 0 0 1 1 1 1 1 1 1 0 0 1 0 0 0 1 
0 0 1 1 1 1 1 1 1 1 1 0 1 0 1 0 0 1 0 1 1 0 0 1 
1 0 0 0 0 1 1 1 0 1 1 0 1 1 0 1 1 0 0 1 1 1 1 0 
1 0 0 0 1 1 1 1 1 0 0 0 0 0 1 0 0 1 1 1 0 1 0 0 
0 0 0 0 1 1 0 0 0 0 1 1 1 0 0 1 1 0 1 0 0 0 1 1 
1 0 1 0 0 0 0 1 0 0 0 0 1 1 0 1 1 1 1 1 1 1 0 0 
0 0 0 1 1 0 1 1 0 1 1 1 0 0 1 0 1 0 1 1 1 0 1 0